,m,spdy,spdy_up,spdy_dn,epk,ret,spd_ret,cb_ret_up,cb_ret_dn,epk_ret,volatility,epk_up,epk_dn,cdf_m,cdf_ret
0,0.4948825143314381,0.19246433579021294,0.20018467775161533,0.18474399382881054,2.308451293333407,-0.7034348893691513,0.09524723441499076,756188.87154527,697862.3628303504,727025.6171878101,1.9160091589534767,2.401050440664275,2.2158521460025393,0.045409659007639824,0.045409659007639824
1,0.5013404470351622,0.19585247710239778,0.20363123758637036,0.1880737166184252,2.106898919819862,-0.6904698736763143,0.09818876842345999,348844.71560898126,322192.8175899376,335518.7665994594,1.9026474082993599,2.190579567129983,2.0232182725097414,0.04661396220800629,0.04661396220800629
2,0.5077983797388863,0.19948286388304456,0.20728098356201738,0.19168474420407175,1.946428632094103,-0.6776708004632301,0.10129707506548283,165435.65693127667,152987.94436498042,159211.80064812853,1.8892425630386662,2.022517791454419,1.8703394727337874,0.047837924009723976,0.047837924009723976
3,0.5142563124426104,0.20336908022853664,0.21114796853868745,0.19559019191838584,1.8179808618468638,-0.6650334754780098,0.10458383326317264,80641.52975088914,74699.71124860093,77670.62049974504,1.8757990364018617,1.8875188174613873,1.7484429062323403,0.049083233258637615,0.049083233258637615
4,0.5207142451463345,0.2075247386242963,0.21524800974428085,0.19980146750431174,1.7148500615638314,-0.6525538615029689,0.1080610876219408,40398.199820638765,37499.16023978713,38948.68003021295,1.8623212202595079,1.7786701730521157,1.6510299500755468,0.050351673136043384,0.050351673136043384
5,0.5271721778500585,0.21196350293431024,0.21959932370782623,0.20432768216079425,1.6320923544970591,-0.6402280706119396,0.11174126146660761,20693.76597423458,19254.655093195855,19974.210533715217,1.848813483563104,1.6908872155568306,1.5732974934372874,0.051645121086404844,0.051645121086404844
6,0.5336301105537826,0.21669911135199538,0.22422334786206494,0.20917487484192582,1.566104206747706,-0.6280523568989779,0.11563717074767174,10881.089484708766,10150.818604795364,10515.954044752065,1.8352801708182092,1.6204825490374613,1.5117258644579505,0.05296554890194505,0.05296554890194505
7,0.5400880432575067,0.22174539909200439,0.22914576005131998,0.2143450381326888,1.5143543790287168,-0.6160231096444369,0.11976203869695555,5884.969567008912,5504.854316168578,5694.911941588745,1.821725600567989,1.564893281170641,1.4638154768867928,0.05431502296649371,0.05431502296649371
8,0.5465459759612308,0.2271163205725245,0.2343976336824375,0.21983500746261153,1.4750485383285115,-0.6041368468872163,0.12412951108403417,3272.9651265205293,3069.622767558759,3171.2939470396445,1.8081540639065838,1.522338359829735,1.4277587168272878,0.05569570465506324,0.05569570465506324
9,0.5530039086649547,0.23282597085846862,0.24001650017048062,0.22563544154645662,1.44692064376712,-0.5923902093745557,0.128753671923446,1871.3851619793284,1759.2574553281697,1815.321308653749,1.7945698230114973,1.4916069185104444,1.4022343690237957,0.05710985088718701,0.05710985088718701
10,0.5594618413686789,0.2388886061200862,0.24604680513144864,0.23173040710872375,1.429126567958628,-0.5807799548630695,0.1336490594619405,1099.812437341014,1035.8191146278607,1067.8157759844373,1.7809771097008675,1.471949758867661,1.386303377049595,0.05855981482866657,0.05855981482866657
11,0.565919774072403,0.24531866285780543,0.25253893356927853,0.23809839214633235,1.4210444267527478,-0.5693029527468391,0.13883068226023326,664.2334695633258,626.2516392127786,645.2425543880522,1.7673801240162388,1.462868906532063,1.3792199469734328,0.06004804673480524,0.06004804673480524
12,0.5723777067761271,0.25213077563857644,0.2595460077615986,0.2447155435155543,1.4221263458403421,-0.5579561789902858,0.1443140351676946,412.1713464151794,388.6198671650383,400.39560679010884,1.753783032828651,1.463951454004797,1.380301237675887,0.06157709492744712,0.06157709492744712
13,0.5788356394798512,0.25933979306967486,0.26711856437084563,0.2515610217685041,1.4317575222437025,-0.5467367113453167,0.15011511496405752,262.7132251830556,247.4122587279138,255.0627419554847,1.7401899684745925,1.4747023946539017,1.3888126498335032,0.06314960689413662,0.06314960689413662
14,0.5852935721835753,0.2669607917337705,0.27529888873237607,0.25862269473516497,1.4491153236778969,-0.5356417248338093,0.15625043542681402,171.94884255413942,161.53306401891894,166.74095328652916,1.726605027415682,1.4943761428885385,1.403854504467255,0.06476833049885378,0.06476833049885378
15,0.5917515048872993,0.2750090877832384,0.28411771751869674,0.26590045804778006,1.4730239247988162,-0.5246684874779706,0.16273704155341473,115.52213009659935,108.11500097778877,111.81856553719406,1.7130322689276618,1.5218122380528112,1.4242356115448211,0.06643611528888682,0.06643611528888682
16,0.5982094375910234,0.283500245877776,0.29359474000187474,0.27340575175367726,1.5018086066154412,-0.5138143562624221,0.16959252264346122,79.63183889488494,74.15597015275107,76.89390452381801,1.6994757138199246,1.5552829805372768,1.4483342326936057,0.06815591388153142,0.06815591388153142
17,0.6046673702947475,0.29245008513423865,0.30374188102585237,0.2811582892426249,1.5331706078748706,-0.5030767733130842,0.1768350239205951,56.29226029364415,52.106859772868944,54.199560033256546,1.6859393431814624,1.5923678878592407,1.4739733278905005,0.06993078341292769,0.06993078341292769
18,0.6111253029984716,0.3018746817279626,0.31456718432338354,0.2891821791325417,1.5641279524464384,-0.49245326227903785,0.18448325633856832,40.78678463642665,37.49536457956196,39.141074607994305,1.6724270971592188,1.6298926531572033,1.4983632517356738,0.07176388702732295,0.07176388702732295
19,0.6175832357021956,0.31179036776819946,0.32607777371923935,0.2975029618171596,1.591092562857487,-0.48194142490456243,0.1925565041870622,30.270610987128038,27.61794010664362,28.944275546885827,1.658942873766896,1.6640024013298733,1.5181827243851007,0.07365849538322444,0.07365849538322444
20,0.6240411684059197,0.3222137260437116,0.338281527478288,0.30614592460913526,1.6101599423355124,-0.47153893777947786,0.20107463007674273,22.97506001025064,20.792506886856234,21.883783448553437,1.645490527725421,1.6904536360555813,1.5298662486154435,0.07561798815078935,0.07561798815078935
21,0.6304991011096438,0.33316158021008874,0.351187758745455,0.3151354016747225,1.6175846424009448,-0.46124354925677735,0.21005807684672945,17.848659040862263,16.016345092125427,16.932502066493843,1.6320738693352155,1.7051063474594894,1.5300629373424004,0.0776458554716335,0.0776458554716335
22,0.6369570338133679,0.34465097996203975,0.36480731782952214,0.32449464209455736,1.6104165859872404,-0.4510530765273207,0.21952786589749132,14.182380309526154,12.615170249241528,13.398775279383841,1.6186966633821374,1.7045991146953599,1.5162340572791209,0.07974569934818165,0.07974569934818165
23,0.643414966517092,0.3566991807106102,0.3791524246201571,0.3342459368010633,1.5877663842110714,-0.440965402842082,0.2295055914135914,11.517330682794043,10.153227919812876,10.835279301303459,1.6053626280764155,1.687711962513349,1.487820805908794,0.08192123492869385,0.08192123492869385
24,0.649872899220816,0.3693236172559176,0.39423640681014255,0.3444108277016927,1.5505829344491313,-0.4309784748731092,0.24001340989682218,9.551195140358898,8.34406708007456,8.94763111021673,1.5920754340256413,1.6551777789904056,1.4459880899078572,0.08417629164863749,0.08417629164863749
25,0.6563308319245401,0.38254187092154596,0.4100734273717275,0.35501031447136444,1.5016782854990702,-0.42109030020496563,0.2510740243879083,8.081392496854864,6.996253597954472,7.5388230474046685,1.5788387032422757,1.6097541423657513,1.393602428632389,0.08651481418693707,0.08651481418693707
26,0.6627887646282642,0.39637162959135824,0.4266782335445407,0.3660650256381758,1.4450999923036392,-0.4112989449489875,0.26271066271054827,6.969931273326411,5.979794303240949,6.47486278828368,1.5656560081859954,1.5555924440077262,1.3346075405995521,0.08894086319142669,0.08894086319142669
27,0.6692466973319883,0.4108306400660274,0.4440659349647891,0.3775953451672657,1.3852762689329778,-0.4016025314732118,0.27494704902697564,6.121314941779022,5.205037915150742,5.663176428464881,1.5525308708415557,1.4973420712958307,1.2732104665701247,0.09145861572385816,0.09145861572385816
28,0.6757046300357124,0.4259366521371093,0.4622518082430878,0.3896214960311308,1.3262400983584237,-0.39199923624130956,0.28780736795095535,5.4684268117973724,4.609212116329453,5.038819464063413,1.539466761832217,1.4393146975135838,1.2131654992032637,0.09407236537140706,0.09407236537140706
29,0.6821625627394364,0.4417073537582754,0.48125112185872465,0.4021635856578262,1.2711279823752102,-0.3824872877543025,0.30131622042059997,4.963375377605189,4.147707398819193,4.555541388212191,1.526467099569005,1.3849254768777466,1.1573304878726738,0.09678652196692816,0.09678652196692816
30,0.6886204954431605,0.45816029668179903,0.501078974783225,0.41524161858037306,1.2219837383811032,-0.3730649645892529,0.31549857049340585,4.571474682823598,3.7883580076695296,4.179916345246564,1.5135352494365744,1.3364544314826061,1.1075130452796003,0.09960561085633124,0.09960561085633124
31,0.6950784281468846,0.4753128119204997,0.5217501429128375,0.4288754809281619,1.179785565442822,-0.36373059352949433,0.3303796821877767,4.267240090682844,3.5076457016577622,3.887442896170303,1.5006745230153444,1.295048801418069,1.0645223294675752,0.10253427164730788,0.10253427164730788
32,0.7015363608506087,0.49318191439650694,0.5432789283706422,0.4430849004223717,1.1445867251017412,-0.3544825477813246,0.34598504546306186,4.031702787114199,3.2881573988497554,3.6599300929819774,1.4878881773403203,1.260852904959933,1.0283205452435493,0.10557725636891502,0.10557725636891502
33,0.7079942935543327,0.5117841961447783,0.5656790076796514,0.4578893846099052,1.115688995539859,-0.3453192452724063,0.3623402904017944,3.8506019863273115,3.116873261974708,3.4837376241510096,1.4751794141967702,1.2331796265501656,0.9981983645295521,0.10873942696787742,0.10873942696787742
34,0.7144522262580568,0.5311357074588732,0.5889632756336479,0.47330813928409843,1.091814385318551,-0.3362391470274235,0.3794710886391399,3.713219333643606,2.9840518182899554,3.3486355759667807,1.4625513794525666,1.2106860219164295,0.9729427487206724,0.11202575206281418,0.11202575206281418
35,0.7209101589617809,0.5512518253937764,0.6131436823576579,0.4893599684298948,1.0712788376234081,-0.32724075561682364,0.3974030410725992,3.6115061284682093,2.8824019163271104,3.24695402239766,1.4500071624277502,1.1915567823526771,0.9510008928941392,0.11544130287395094,0.11544130287395094
36,0.727368091665505,0.5721471090846696,0.638231061599466,0.5060631565698732,1.0521311016494745,-0.318322613674733,0.41616155088685164,3.539413422021515,2.8064549604733355,3.172934191247425,1.4375497953006056,1.1736540118534218,0.9306081914455274,0.11899124824189478,0.11899124824189478
37,0.7338260243692291,0.5938351413961455,0.6642349487352176,0.5234353340570733,1.0325103553928843,-0.30948330248237793,0.4357716809414724,3.4926874204935063,2.7523333576230207,3.1225103890582635,1.4251822525507096,1.1549155904962842,0.9101051202894843,0.12268084864587625,0.12268084864587625
38,0.7402839570729531,0.6163283564911042,0.6911633873493839,0.5414933256328245,1.010869531914382,-0.300721440613567,0.45625799459950434,3.4684894853346777,2.717394961470874,3.092942223402776,1.4129074504386196,1.1336100351182117,0.8881290287105522,0.12651544912861135,0.12651544912861135
39,0.7467418897766772,0.639637853000742,0.7190227235706517,0.5602529824308324,0.9862135723046093,-0.2920356826390005,0.4776443791224706,3.4651105068983408,2.699968210047053,3.0825393584726966,1.4007282465220467,1.1086116393114391,0.8638155052977794,0.13050047103287388,0.13050047103287388
40,0.7531998224804013,0.6637731925906993,0.7478173876430542,0.5797289975383445,0.9582452926334157,-0.28342471788636703,0.49995385082656396,3.481691080718265,2.6991045050779547,3.09039779289811,1.3886474392083377,1.0795743176393167,0.8369162676275148,0.13464140245280398,0.13464140245280398
41,0.7596577551841254,0.6887421838543384,0.7775496624870375,0.5999347052216393,0.9273556173153676,-0.2748872692533703,0.5232083412873989,3.5179330906143917,2.714334856704256,3.116133973659324,1.3766677673428658,1.0469302797946816,0.8077809548360538,0.13894378730236545,0.13894378730236545
42,0.7661156878878495,0.7145506516241169,0.808219439277265,0.6208818639709688,0.89446288177193,-0.2664220920709967,0.5474284639997213,3.573796848586269,2.7454247460170356,3.159610797301652,1.3647919098333676,1.0117159464019674,0.7772098171418927,0.14341321290341869,0.14341321290341869
43,0.7725736205915735,0.7412021919800049,0.8398239603419874,0.6425804236180225,0.8607612073322931,-0.25802797301449376,0.572633261048403,3.6491789489080366,2.7921219988679837,3.22065047388801,1.3530224853093857,0.9752910796438361,0.7462313350207501,0.14805529599704803,0.14805529599704803
44,0.7790315532952976,0.7686979134472574,0.8723575499702059,0.6650382769243088,0.8274638163820726,-0.24970372905967664,0.5988399295276712,3.7435625385030553,2.853889876059986,3.2987262072815207,1.3413620518168332,0.9390480901800822,0.715879542584063,0.1528756670845537,0.1528756670845537
45,0.7854894859990217,0.7970361651202913,0.9058113340126837,0.6882609962278989,0.7956100142073452,-0.24144820648231666,0.626063527662969,3.8556295715466766,2.929616080473227,3.392622826009952,1.3298131065470515,0.904190549765379,0.6870294786493115,0.15787995300863866,0.15787995300863866
46,0.7919474187027458,0.826212252722528,0.9401729494775491,0.7122515559675068,0.7659639584751989,-0.23326027989849593,0.6543166608441866,3.982831480811864,3.0172937021225796,3.5000625914672217,1.3183780855998517,0.8716145175287972,0.6603133994216008,0.16307375769117882,0.16307375769117882
47,0.7984053514064698,0.8562181439155196,0.9754262456551458,0.7370100421758935,0.7389964216241318,-0.22513885134393144,0.6836091480734658,4.120939348812707,3.1136887046060893,3.6173140267093977,1.3070593637802344,0.8418841742841375,0.6361086689641261,0.16846264095184504,0.16846264095184504
48,0.8048632841101939,0.8870421645050461,1.01155097866253,0.7625333503475622,0.7149219713561719,-0.21708284939038502,0.7139476696677464,4.263644744853576,3.2140459359583287,3.7388453404059527,1.2958592544278502,0.8152713013323359,0.6145726413800078,0.1740520953417385,0.1740520953417385
49,0.811321216813918,0.9186686875523331,1.0485225016680775,0.7888148734365887,0.6937623094485996,-0.20909122829738083,0.745335397433804,4.4021521741300935,3.311786923562171,3.8569695488461324,1.2847800092791735,0.7918256082115892,0.59569901068561,0.1798475209386058,0.1798475209386058
50,0.8177791495176421,0.9510778177907306,1.0863114534561218,0.8158441821253396,0.6754145696201466,-0.20116296719755075,0.7777716089579987,4.525640670562308,3.3988572979887257,3.962248984275517,1.27382381836101,0.7714516825908598,0.5793774566494333,0.185854198064755,0.185854198064755
51,0.8242370822213662,0.9842450741576045,1.1248834483908747,0.8436066999243343,0.6597153211537434,-0.1932970693140208,0.8112512881144162,4.622288313195488,3.466486590741179,4.044387451968333,1.262992809915509,0.753981772325218,0.5654488699822688,0.19207725790659402,0.19207725790659402
52,0.8306950149250902,1.0181410736881527,1.164198771269699,0.8720833761066062,0.6464723127596492,-0.1854925612083375,0.8457647144032273,4.680800733410131,3.5063157660118645,4.093558249710998,1.252289050355295,0.73921216973237,0.5537324557869283,0.19852165103465802,0.19852165103465802
53,0.8371529476288143,1.0527312204629644,1.204212080978,0.9012503599479289,0.6355014235510769,-0.1777484920575159,0.8812970442714498,4.692668048495707,3.512063061506662,4.102365555001184,1.2417145442484316,0.726945754855046,0.5440570922471076,0.20519211384646763,0.20519211384646763
54,0.8436108803325384,1.0879754037580498,1.244872127290951,0.9310786802251484,0.6266442108886345,-0.170063932958866,0.9178278881444772,4.654291382474888,3.481089649913234,4.0676905161940615,1.231271234332303,0.7170124519073918,0.5362759698698772,0.21209313298069365,0.21209313298069365
55,0.8500688130362626,1.1238277100017668,1.286121485592196,0.9615339344113376,0.6197733133024484,-0.16243797626132647,0.9553308874984631,4.5681466912432676,3.41525128862673,3.991698989934999,1.2209610015556025,0.7092757789658786,0.5302708476390184,0.21922890778032467,0.21922890778032467
56,0.8565267457399866,1.1602361535881134,1.3278963146858265,0.9925759924904003,0.6147905588947915,-0.1548697349221031,0.993773296922706,4.442398926373367,3.320604534117243,3.881501730245305,1.2107856651478004,0.7036309935139715,0.5259501242756114,0.22660331091490926,0.22660331091490926
57,0.8629846784437107,1.1971424320210893,1.3701261432619825,1.024158720780196,0.6116205270343146,-0.14735834188746813,1.0331155767490416,4.289063134216972,3.2060416002479175,3.747552367232445,1.200746982715117,0.6999979713613761,0.5232430827072532,0.234219847306961,0.234219847306961
58,0.8694426111474347,1.2344817112557303,1.4127336909199268,1.0562297315915337,0.610201669828191,-0.13990294949664567,1.0733110024479358,4.121453308517387,3.0814027794493186,3.601428043983353,1.1908466503622568,0.6983112421689848,0.5220920974873974,0.2420816115455353,0.2420816115455353
59,0.8759005438511588,1.2721824474443282,1.4556347299439878,1.0887301649446686,0.6104763991065786,-0.13250272890775075,1.1143052975943852,3.9518329071424017,2.955741302622309,3.4537871048823554,1.1810863028390253,0.6985088106944425,0.5224439875187148,0.2501912440102223,0.2501912440102223
60,0.8823584765548829,1.3101662515763226,1.4987379942537293,1.1215945088989159,0.6123809533576816,-0.12515686954481664,1.1560362977745053,3.789861877711148,2.836178363278709,3.3130201204949286,1.1714675137109813,0.7005207168557667,0.5242411898595964,0.25855088597107834,0.25855088597107834
61,0.8888164092586069,1.3483478037006162,1.5419451420926154,1.1547504653086171,0.6158354834660015,-0.11786457856498325,1.1984336533169107,3.641949646756152,2.72742715315719,3.184688399956671,1.1619917955532366,0.7042578550226211,0.5274131119093819,0.2671621339739403,0.2671621339739403
62,0.895274341962331,1.3866348235218162,1.58515077906297,1.1881188679806625,0.6207346723747587,-0.11062508034497281,1.241418579170547,3.5112884255457333,2.631817795767726,3.0715531106567293,1.1526606001665345,0.7096014270052444,0.5318679177442729,0.27602599386536086,0.27602599386536086
63,0.9017322746660551,1.4249281041512625,1.628242548045044,1.221613660257481,0.6269393107750415,-0.10343761598602073,1.2849036605919073,3.3982540258992535,2.549591609706949,2.973922817803101,1.1434753188147155,0.7163935203972885,0.5374851011527944,0.28514283485649794,0.28514283485649794
64,0.9081902073697792,1.463121615650364,1.6711012923339972,1.2551419389667307,0.6342751054584415,-0.0963014428364712,1.3287927235247103,3.300929434250001,2.4792841639840133,2.890106799117007,1.1344372824826288,0.7244359847392021,0.5441142261776807,0.29451234406983406,0.29451234406983406
65,0.9146481400735034,1.501102684712051,1.713601297977364,1.288604071446738,0.6425214143348577,-0.0892158340312866,1.37298077863122,3.215544961643451,2.4180445792055716,2.816794770424511,1.1255477621536638,0.7334778232001284,0.551565005469587,0.3041334820555963,0.3041334820555963
66,0.9211060727772273,1.538752256371451,1.755610620783671,1.3218938919592311,0.6513909560300875,-0.08218007804775757,1.4173540478434046,3.1371845850128603,2.3621554186235234,2.749670001818192,1.116807969105922,0.7431923338884718,0.5595895781717032,0.3140044398052131,0.3140044398052131
67,0.9275640054809515,1.5759452430045502,1.796991502785147,1.3548989832239533,0.6605750784099716,-0.07519347827673159,1.461790082019952,3.0604421182951307,2.3075178195706867,2.6839799689329085,1.1082190552261812,0.7532290910001649,0.5679210658197784,0.32412259782590414,0.32412259782590414
68,0.9340219381846755,1.6125509650547651,1.8376008820673106,1.3875010480422196,0.6697414611534696,-0.06825535260871962,1.5061579778020207,2.9801761471639794,2.250215249618596,2.615195698391288,1.0997821133407049,0.7632115365301758,0.5762713857767633,0.33448448787236296,0.33448448787236296
69,0.9404798708883997,1.6484336869150633,1.8772909988191955,1.4195763750109311,0.6785563189978085,-0.06136503303425845,1.5503187010379673,2.89230380496871,2.1871122556227864,2.539708030295748,1.0914981775620198,0.7727624592715016,0.5843501787241157,0.3450857579571749,0.3450857579571749
70,0.9469378035921237,1.6834532501857666,1.9159100992094265,1.4509964011621068,0.6867143281746788,-0.05452186525795111,1.5941255231809317,2.7944709353657995,2.116366144758579,2.4554185400621895,1.0833682236507487,0.781538136848469,0.5918905195008887,0.35592114127979957,0.35592114127979957
71,0.9533957362958477,1.717465805128921,1.9533032372589725,1.4816283729988697,0.693973723508691,-0.04772520832562002,1.6374245758438286,2.6863933231866204,2.0376951682389044,2.3620442457127626,1.0753931693916434,0.789268186099598,0.598679260917784,0.3669844297234599,0.3669844297234599
72,0.9598536689995718,1.750324639559733,1.989313173274497,1.5113361058449688,0.7001918619584494,-0.04097443426404854,1.6800555272217628,2.5697366763599665,1.9522998558864735,2.26101826612322,1.0675738749828578,0.7957957417338901,0.6045879821830086,0.37826845256867436,0.37826845256867436
73,0.9663116017032959,1.78188110266798,2.0237813656380097,1.5399808396979504,0.7053550247558249,-0.03426892773279931,1.7218523823639307,2.447571001651712,1.8624602984995315,2.155015650075622,1.0599111434377109,0.8011108895664405,0.6095991599452093,0.38976506106054676,0.38976506106054676
74,0.97276953440702,1.8119856193756145,2.056549050853119,1.56742218789811,0.709596196344361,-0.027608085687629628,1.7626444073122323,2.3235976855476195,1.770956334139075,2.0472770098433473,1.052405720997933,0.805370290181354,0.613822102507368,0.4014651194430767,0.4014651194430767
75,0.9792274671107442,1.8404887888359442,2.087458404744528,1.5935191729273606,0.71319646823775,-0.02099131705504212,1.802257174937543,2.201404671426894,1.680503210659153,1.9409539410430237,1.0450582975576552,0.8088981421063736,0.6174947943691264,0.41335850303692734,0.41335850303692734
76,0.9856853998144681,1.8672425586091541,2.116353775646719,1.6181313415715892,0.7165692072989958,-0.014418042417532745,1.8405137279332544,2.083938861920832,1.5933474002297554,1.8386431310752935,1.0378695070972466,0.8121676213876606,0.6209707932103309,0.42543410388675507,0.42543410388675507
77,0.9921433325181923,1.8921014639491323,2.1430829783360954,1.6411199495621691,0.7202300331668839,-0.007887693709114355,1.8772358519050425,1.9732597479787688,1.5110735192298799,1.7421666336043242,1.0308399281262208,0.8157663603012183,0.6246937060325496,0.43767984443988084,0.43767984443988084
78,0.9986012652219163,1.9149239195625478,2.1674986354163153,1.6623492037087806,0.7247585296546877,-0.0013997139207205086,1.9122454488788714,1.870506677920813,1.4345731230305416,1.6525399004756776,1.0239700841343076,0.820352760746618,0.6291642985627576,0.45008269964001535,0.45008269964001535
79,1.0050591979256405,1.935573549206469,2.1894595509102497,1.681687547502688,0.7308049498340413,0.005046443184898904,1.9453659988915388,1.7761291017884577,1.364215288651031,1.5701721952197445,1.017260444050065,0.8266634341653464,0.6349464655027361,0.4626287277280805,0.4626287277280805
80,1.0115171306293644,1.95392053664105,2.208832099012459,1.699008974269641,0.7389332140101189,0.011451313349148071,1.9764240947009428,1.6900243372467116,1.2999478398561928,1.4949860885514523,1.0107114227060214,0.8353356093681497,0.6425308186520882,0.4753031099378551,0.4753031099378551
81,1.0179750633330886,1.9698429798054835,2.2254916093649175,1.7141943502460495,0.7496897910265068,0.017815422084777502,2.005251032123727,1.6117096809467992,1.2414262168817047,1.426567948914252,1.0043233813098422,0.8469854484141583,0.6523941336388552,0.4880901991583435,0.4880901991583435
82,1.0244329960368126,1.9832282287085725,2.2393237289103394,1.7271327285068057,0.7635610020538184,0.024139284934624198,2.031684436160704,1.5405400228855328,1.188178850047259,1.364359436466396,0.9980966279206236,0.8621601112863794,0.6649618928212574,0.5009735775089348,0.5009735775089348
83,1.0308909287405368,1.993974186475342,2.250225739402502,1.7377226335481821,0.7809589900441716,0.030423407722225376,2.0555699009802217,1.4758295325332094,1.1397000474373562,1.307764789985283,0.9920314179295664,0.8813223524831768,0.6805956276051663,0.5139361226397814,0.5139361226397814
84,1.0373488614442608,2.0019905523260064,2.258107809069646,1.745873295582367,0.8022128164240611,0.036668286794603364,2.0767626200775493,1.416927024806024,1.0955079489393473,1.2562174868726856,0.9861279545444889,0.9048409460265737,0.6995846868215484,0.5269600824305933,0.5269600824305933
85,1.043806794147985,2.0071999850347035,2.2628941567873557,1.7515058132820513,0.8275607187276217,0.042874409257520035,2.0951289815929575,1.3632533576887989,1.0551736031516845,1.2092134804202417,0.980386389277341,0.9329824276394173,0.7221390098158262,0.5400271576192044,0.5400271576192044
86,1.050264726851709,2.009539165657757,2.2645241074515825,1.7545542238639316,0.857141189823776,0.049042253203472636,2.110548102917355,1.3143112903743475,1.0183289364905428,1.166320113432445,0.9748068224341475,0.9659014967296471,0.7483808829179048,0.5531185917495183,0.5531185917495183
87,1.056722659555433,2.008959739065236,2.2629530180823907,1.7549664600480817,0.8909813099447408,0.0551722879327048,2.122913278404805,1.2696778059885456,0.9846611691768697,1.1271694875827076,0.9693893036066981,1.0036282983613245,0.7783343215281573,0.566215267690553,0.566215267690553
88,1.063180592259157,2.005429115067293,2.2581530555440184,1.7527051745905677,0.9289816720320991,0.06126497416748134,2.1321333142910017,1.2289871425230956,0.9538999665753684,1.091443554549232,0.9641338321654125,1.0460518327386923,0.811911511325506,0.5792978098469506,0.5792978098469506
89,1.0696385249628813,1.9989311116954802,2.250113808632398,1.7477484147585622,0.9708982625813491,0.06732076425987822,2.138133725816366,1.1919104935412796,0.9258019161648517,1.0588562048530656,0.9590403577527058,1.092899887659714,0.8488966375029842,0.592346691060744,0.592346691060744
90,1.0760964576666052,1.9894664254592838,2.238842719636809,1.7400901312817587,1.016322887878611,0.07334010239331541,2.1408577730833787,1.158136133700871,0.9001352525829142,1.0291356931418927,0.9541087807764081,1.1437172646942229,0.8889285110629993,0.6053423430970137,0.6053423430970137
91,1.0825543903703294,1.9770529161141812,2.2243653232897396,1.7297405089386229,1.0646652968079973,0.07932342477806364,2.1402673143338693,1.127351984047169,0.8766664244498794,1.0020092042485242,0.949338952902518,1.19784581779647,0.9314847758195244,0.6182652695157242,0.6182652695157242
92,1.0890123230740534,1.9617256965937027,2.20672528422242,1.7167261089649855,1.1151420565314396,0.08527115984093382,2.1363434580815737,1.0992315273479447,0.8551492459382511,0.977190386643098,0.9447306775469392,1.2544119577577104,0.9758721553051688,0.631096159661509,0.631096159661509
93,1.0954702557777776,1.9435370222072277,2.1859842275722503,1.7010898168422053,1.166736982933476,0.09118372840936177,2.1290869988309318,1.073457867543981,0.8353437432237197,0.9544008053838504,0.9402837103655135,1.312281995802327,1.021191970064625,0.6438160024545361,0.6438160024545361
94,1.1019281884815015,1.9225559769018328,2.1622213611574024,1.682890592646263,1.2183017388841437,0.09706154389007958,2.11851862488172,1.0496139293516287,0.8169308838345845,0.9332724065931066,0.9359977597420409,1.3701749524066054,1.0664285253616819,0.6564061986408787,0.6564061986408787
95,1.1083861211852257,1.8988679582369634,2.135532891546722,1.6622030249272046,1.2686068291030228,0.10290501244256983,2.1046788908731773,1.0272736957891346,0.7995837719605972,0.9134287338748659,0.9318724872736571,1.426719324131234,1.1104943340748115,0.6688486701614442,0.6688486701614442
96,1.1148440538889497,1.872573966619748,2.1060312403047465,1.6391166929347496,1.3163855766083747,0.10871453314747812,2.087627952153271,1.0059916148579242,0.7829597288535021,0.8944756718557132,0.927907508253255,1.4805018108995094,1.15226934231724,0.6811259653248267,0.6811259653248267
97,1.1213019865926739,1.843789708189747,2.0738440705736063,1.6137353458058876,1.3604629527359615,0.1144904981701649,2.0674450626522898,0.9853057524141333,0.7667031199007966,0.8760044361574649,0.9241023921484162,1.5302113984227648,1.1907145070491583,0.6932213585215856,0.6932213585215856
98,1.1277599192963979,1.8126445244135914,2.0391131378542555,1.5861759109729272,1.3998801290288758,0.12023329291955803,2.0442278425657294,0.9647561476866703,0.7504600568823424,0.8576081022845063,0.9204566630765971,1.5747786861008253,1.2249815719569261,0.7051189432944178,0.7051189432944178
99,1.134217852000122,1.7792801648497587,2.0019929822670495,1.5565673474324677,1.434006958568912,0.1259432962024729,2.0180913266823164,0.9439104898407735,0.7338988000454172,0.8389046449430952,0.9169698002759754,1.6135018668178611,1.2545120503199627,0.7168037176791264,0.7168037176791264
100,1.140675784703846,1.7438494225683043,1.962649482599545,1.5250493625370636,1.4626167917125832,0.13162088037354885,1.9891668084934493,0.92239589810179,0.7167348468885807,0.8195653724951854,0.9136412385718442,1.646130710797463,1.2791028726277036,0.7282616608527779,0.7282616608527779
101,1.1471337174075702,1.7065146542801304,1.9212582950130306,1.4917710135472302,1.4859046972219856,0.13726641148095609,1.9576004991748603,0.8999338219419131,0.6987583049964736,0.7993460634691933,0.9104703688379996,1.6728873191779454,1.2989220752660258,0.7394798002653247,0.7394798002653247
102,1.1535916501112942,1.6674462092651574,1.8780032012928365,1.4568892172374783,1.5044440509798063,0.14288024940800953,1.9235520240180153,0.8763731602583771,0.67985965443393,0.7781164073461536,0.9074565384529493,1.6944179237728871,1.3144701781867252,0.7504462685858009,0.7504462685858009
103,1.1600495828150184,1.6268207926420035,1.8330743929513926,1.4205671923326144,1.5190921924171,0.14846274801083315,1.8871927818191536,0.8517153098793597,0.6600489489539816,0.7558821294166707,0.9045990517505531,1.711687612456619,1.3264967723775807,0.7611503499603272,0.7611503499603272
104,1.1665075155187423,1.5848197893522662,1.7866667182809157,1.3829728604236167,1.5308671251878774,0.1540142552521997,1.8487041950222487,0.8261248309652945,0.6394635378031454,0.73279418438422,0.9018971704648773,1.7258424970838175,1.3358917532919374,0.7715825152524347,0.7715825152524347
105,1.1729654482224665,1.5416275754322517,1.7389779196022963,1.344277231262207,1.540820354873689,0.15953511333167905,1.8082758800090055,0.7999213436945072,0.6183609561731072,0.7091411499338073,0.8993501141689322,1.7380673632850896,1.343573346462288,0.7817344461124016,0.7817344461124016
106,1.1794233809261905,1.497429842715387,1.6902068874679566,1.3046527979628173,1.5499264017880188,0.16502565881221043,1.7661037677951552,0.773552004017993,0.59709660035979,0.6853243021888915,0.8969570607071307,1.7494617808738677,1.3503910227021696,0.7915990478975594,0.7915990478975594
107,1.1858813136299147,1.4524119620832319,1.6405519574849463,1.2642719666815174,1.5590040966604841,0.17048622274322198,1.7223882055270647,0.7475512929597218,0.5760915642040377,0.6618214285818798,0.8947171466211727,1.7609516371890364,1.357056556131932,0.8011704516351683,0.8011704516351683
108,1.1923392463336389,1.406757408803362,1.5902092737740283,1.2233055438326959,1.5686649258050276,0.175917130780404,1.6773320685868633,0.7225050273854747,0.5558038303663175,0.6391544288758961,0.8926294675691765,1.7732307623537722,1.364099089256283,0.8104440053803463,0.8104440053803463
109,1.1987971790373628,1.36064627142443,1.5393712409363227,1.1819213019125374,1.5792693415249184,0.18131870330224942,1.6311389118513127,0.6989536280306493,0.5366529918513978,0.6178033099410236,0.8906930787378893,1.7867111071350366,1.3718275759148004,0.8194162554697308,0.8194162554697308
110,1.205255111741087,1.3142538632191936,1.4882250838423676,1.1402826425960195,1.5909524833072193,0.18669125552346352,1.5840111867704045,0.67738186238402,0.519012069123058,0.598196965753539,0.888906995247738,1.8015510238330728,1.3803539427813658,0.8280849183043091,0.8280849183043091
111,1.211713044444811,1.267749452358101,1.4369515316706964,1.0985473730455055,1.6036424360879915,0.19203509760534154,1.5361485485100763,0.6581838707482492,0.503180619704514,0.5806822452263817,0.8872701925506691,1.817674975526517,1.3896098966494663,0.8364488434099111,0.8364488434099111
112,1.2181709771485352,1.2212951239588605,1.3857236395074375,1.0568666084102836,1.6170950587231003,0.19735053476321557,1.4877462745397065,0.6416488368892688,0.48937407914511155,0.5655114580171902,0.8857816068204966,1.834811919120338,1.3993781983258626,0.8445079686189749,0.8445079686189749
113,1.2246289098522591,1.1750447839791947,1.3347057575633818,1.0153838103950075,1.6309419303396129,0.2026378673710577,1.4389938128320245,0.6279585972735823,0.4777225164848179,0.5528405568792001,0.8844401353357731,1.8525486129168336,1.4093352477623924,0.8522632682917755,0.8522632682917755
114,1.2310868425559833,1.129143311701812,1.2840526547727207,0.9742339686309033,1.64475090513364,0.20789739106333574,1.3900734743961902,0.6171934550928257,0.4682758350548578,0.5427346450738418,0.8832446368549869,1.8703974458243224,1.419104364442958,0.8597166955483282,0.8597166955483282
115,1.2375447752597073,1.0837258643887209,1.2339088002962886,0.9335429284811532,1.6580970988215098,0.21312939683420082,1.3411592812880715,0.6093422456199377,0.46101230843537716,0.5351772770276574,0.882193931984007,1.8878765093750212,1.4283176882679987,0.8668711195140253,0.8668711195140253
116,1.2440027079634313,1.0389173346394172,1.1844078033441536,0.8934268659346807,1.6706378449739643,0.21833417113409695,1.2924159776415853,0.6043133766024097,0.45584789679354515,0.5300806366979774,0.881286803535732,1.9045947489517903,1.4366809409961385,0.8737302585932438,0.8737302585932438
117,1.2504606406671555,0.9948319581481044,1.1356720088350094,0.8539919074611994,1.6821791763809941,0.22351199596386728,1.2439982077420395,0.6019446360258822,0.4526446402717165,0.5272946381487994,0.8805219968818365,1.920328140661336,1.4440302121006523,0.8802986107769201,0.8802986107769201
118,1.2569185733708794,0.9515730669771529,1.0878122437786204,0.8153338901756855,1.6927159114614223,0.22866314896643677,1.1960498618030753,0.6020106422576819,0.4512172773254875,0.5266139597915847,0.8798982202965596,1.9350664259298893,1.4503653969929555,0.8865813819639652,0.8865813819639652
119,1.2633765060746036,0.9092329811968691,1.0409277069553005,0.7775382554384378,1.7024252689844783,0.2337879035161473,1.1487035869922964,0.6042277220731126,0.45133794188499177,0.5277828319790522,0.8794141452925892,1.9490072051434684,1.4558433328254883,0.8925844132343478,0.8925844132343478
120,1.2698344387783276,0.8678930298181458,0.9951059925045171,0.7406800671317744,1.7115971370187235,0.23888652880581254,1.1020804584387474,0.6082567172899271,0.4527393358990458,0.5304980265944865,0.8790684069488638,1.9624775280863724,1.4607167459510748,0.8983141079559552,0.8983141079559552
121,1.2762923714820518,0.8276236903841814,0.9504232364435099,0.7048241443248529,1.7204910777366438,0.24395928993156768,1.0562898024951541,0.6137048132403408,0.4551172080754113,0.534411010657876,0.8788596042304029,1.9757707728443454,1.4652113826289421,0.9037773595403339,0.9037773595403339
122,1.2827503041857757,0.7884848353988367,0.9069443739242158,0.6700252968734577,1.7290671091893959,0.24900644797557514,1.011429162453729,0.6201213308679275,0.45812840429733537,0.5391248675826315,0.8787863003001717,1.98883683796342,1.4692973804153715,0.908981480586448,0.908981480586448
123,1.2892082368895,0.7505260729459544,0.8647234941967165,0.6363286516951924,1.7368839009863077,0.25402826008665635,0.9675843952422541,0.627002015800266,0.461395289941766,0.544198652871016,0.8788470228229011,2.0011620781934614,1.4726057237791537,0.9139341340693331,0.9139341340693331
124,1.295666169593224,0.713787168381252,0.8238042797658444,0.6037700569966596,1.7426919359036763,0.2590249795589061,0.9248298863613303,0.6338253431473859,0.4645335948810533,0.5491794690142197,0.8790402642609931,2.0112957176950297,1.4740881541123232,0.918643267144213,0.918643267144213
125,1.302124102296948,0.6782985338320819,0.7842205160767813,0.5723765515873825,1.7443088540795904,0.26399685590835553,0.8832288694554358,0.6400543794030691,0.46715446867404076,0.5536044240385549,0.8793644821624674,2.0166972527796077,1.471920455379573,0.9231170480485315,0.9231170480485315
126,1.308582035000672,0.6440817723882715,0.745996658216434,0.5421668865601089,1.738629797215102,0.268944134947736,0.8428338364186839,0.6451665915970024,0.46888676836037657,0.5570266799786895,0.8798180994411198,2.013738121773931,1.4635214726562729,0.9273638064965456,0.9273638064965456
127,1.3150399677043962,0.6111502642745787,0.7091484415327416,0.5131520870164159,1.7219551774162358,0.27386705885940504,0.8036870237941752,0.6486916774018594,0.46940452603895993,0.5590481017204096,0.8803995046487914,1.9980713448654115,1.4458390099670602,0.9313919778754123,0.9313919778754123
128,1.3214979004081202,0.5795097829201925,0.6736835237110994,0.4853360421292856,1.6907159210004312,0.27876586626648403,0.7658209613949999,0.6502547512597397,0.46845745256418475,0.5593561019119623,0.8811070522400337,1.9654671807514357,1.4159646612494268,0.9352100514696038,0.9352100514696038
129,1.3279558331118444,0.5491591296443319,0.6396021466676883,0.45871611262097545,1.6425091482981904,0.2836407923022636,0.7292590695178142,0.6496177570302294,0.4658992058531784,0.5577584814417039,0.8819390628290641,1.9130199617244628,1.3719983348719182,0.9388265228633488,0.9388265228633488
130,1.3344137658155686,0.520090776616013,0.6068978075793892,0.4332837456526369,1.5771084258947472,0.288492068677924,0.6940162917901176,0.6467099013038289,0.4617068720435534,0.5542083866736911,0.8828938234392344,1.8403395888275291,1.3138772629619655,0.9422498505997011,0.9422498505997011
131,1.3408716985192926,0.4922915087827229,0.5755579294276437,0.409025088137802,1.4969612270926913,0.29331992374862165,0.6600997515481148,0.6416385989360932,0.45598587225344567,0.5488122355947694,0.883969587745119,1.7501579631738142,1.2437644910115682,0.9454884171101624,0.9454884171101624
132,1.3473296312230167,0.4657430565586622,0.545564522558492,0.3859215905588325,1.4068430737959117,0.29812458257798846,0.627509420637863,0.6346763647828114,0.44895755141559807,0.5418169580992047,0.8851645763073231,1.6479551526572573,1.165730994934566,0.9485504938717739,0.9485504938717739
133,1.3537875639267407,0.44042271218495754,0.5168948299052217,0.3639505944646933,1.3127794349441446,0.30290626700108725,0.5962387906268818,0.6262251292422761,0.4409311041053486,0.5335781166738123,0.8864769768001115,1.5407218655053343,1.0848370043829547,0.951444210698407,0.951444210698407
134,1.360245496630465,0.41630392379208514,0.48952194967038043,0.34308589791378985,1.2207404031031441,0.30766519568587175,0.566275537567776,0.6167652275552329,0.43226550319198787,0.5245153653736104,0.8879049442321553,1.435439802548934,1.0060410036573542,0.9541775290309105,0.9541775290309105
135,1.3667034293341889,0.3933568622834358,0.463415430378066,0.3232982941888056,1.1356470192910486,0.31240158419318814,0.537602172634908,0.6067995045297454,0.4233291165316459,0.5150643105306957,0.8894466011604022,1.3379106929704898,0.9333833456116075,0.9567582190555093,0.9567582190555093
136,1.373161362037913,0.37154895719686465,0.4385418342766542,0.3045560801170751,1.0610381579026709,0.31711564503536543,0.510196672128213,0.596802628350555,0.4144641511654493,0.5056333897580021,0.8911000378973046,1.252350762910676,0.8697255528946657,0.9591938404520364,0.9591938404520364
137,1.379619294741637,0.3508453986721398,0.4148652660703985,0.28682553127388116,0.9989436088662341,0.32180758773342827,0.484033081479406,0.5871827963070114,0.4059607570932744,0.4965717767001429,0.8928633127116793,1.181224002509694,0.8166632152227742,0.9614917265521548,0.9614917265521548
138,1.3860772274453612,0.3312096035447527,0.3923478648813828,0.2700713422081226,0.950243705530525,0.3264776188729768,0.45908208898458813,0.5782624831039049,0.3980450486399065,0.4881537658719057,0.8947344520232482,1.12564999623116,0.7748374148298898,0.9636589716726236,0.9636589716726236
139,1.3925351601490852,0.31260364439041766,0.3709502581729783,0.25425703060785704,0.9151736775738615,0.33112594215876473,0.4353115660043979,0.5702548761135983,0.3908645655199512,0.4805597208167747,0.8967114505912419,1.0859883371837753,0.7443590179639477,0.9657024213789849,0.9657024213789849
140,1.3989930928528094,0.29498864105769895,0.35063197710905497,0.23934530500634296,0.8936456348265103,0.33575275846801766,0.41268707130975746,0.5632748019953068,0.38449767302319604,0.4738862375092514,0.8987922716971297,1.0622128860643392,0.7250783835886814,0.9676286654305192,0.9676286654305192
141,1.4054510255565333,0.27832511484447253,0.3313518334670948,0.22529839622185027,0.8854893537603393,0.3403582659025213,0.3911723180963038,0.5573486984304981,0.3789620433930592,0.4681553709117786,0.9009748473218983,1.0541934781848106,0.7167852293358682,0.9694440331569814,0.9694440331569814
142,1.4119089582602573,0.26257330599991535,0.3130682587749564,0.21207835322487426,0.890585540301951,0.3449426598395171,0.37072960294129226,0.5524285927495097,0.374225565642117,0.46332707919581334,0.9032570783180068,1.061852282853823,0.7193187977500788,0.9711545910210151,0.9711545910210151
143,1.4183668909639815,0.24769345567032364,0.2957396068070584,0.19964730453358887,0.9088995108794963,0.3495061329814364,0.3513201966312417,0.5484087974497713,0.37021871833617587,0.4593137578929736,0.9056368345762973,1.0852026075828,0.7325964141761924,0.9727661421268876,0.9727661421268876
144,1.4248248236677055,0.23364605375845082,0.2793244209504469,0.18796768656645474,0.9404177756986811,0.3540488754045038,0.3329046973470399,0.5451446089550653,0.3668478776069376,0.45599624328100147,0.9081119551882065,1.1242717196503915,0.7565638317469705,0.9742842274450774,0.9742842274450774
145,1.4312827563714297,0.22039205443966392,0.2637816682545061,0.17700244062482173,0.9849803172709644,0.3585710746062435,0.31544334716076433,0.5424728636523124,0.36400945325189465,0.45324115845210355,0.9106802486036312,1.1788979958835937,0.7910626386583349,0.9757141285334692,0.9757141285334692
146,1.4377406890751536,0.2078930612798615,0.24907094220847767,0.16671518035124536,1.0419989823094435,0.363072915551914,0.2988963131784512,0.5402340209823943,0.36160465545022047,0.45091933821630736,0.9133394927844559,1.2483902382615435,0.8356077263573437,0.9770608715484901,0.9770608715484901
147,1.4441986217788778,0.1961114840379531,0.23515263646106177,0.1570703316148444,1.110072022880085,0.3675545807199049,0.28322393496262227,0.5382944435731665,0.3595540668006323,0.4489242551868994,0.9160874353545824,1.3310610754003485,0.8890829703598219,0.9783292323531539,0.9783292323531539
148,1.4506565544826018,0.1850106693175947,0.22198809181451065,0.14803324682067873,1.1865634335264161,0.372016250146118,0.2683869400947819,0.5365659674063785,0.3578101944090526,0.44718808090771556,0.9189217937463751,1.423717634215127,0.9494092328377055,0.9795237425432731,0.9795237425432731
149,1.457114487186326,0.17455500726572815,0.20953971890347678,0.1395702956279795,1.267317590000352,0.3764581014673658,0.2543466298978069,0.5350182777745608,0.35636517785807204,0.4456917278163164,0.9218402553438731,1.5213162643100167,1.013318915690687,0.9806486962278911,0.9806486962278911
150,1.4635724198900502,0.16471001650816508,0.1977710990109015,0.13164893400542865,1.3465840867823475,0.38088030996380756,0.24106503744098529,0.533678797443906,0.35525031279174185,0.4444645551178239,0.9248404776237148,1.6168744342292878,1.0762937393354075,0.9817081574143318,0.9817081574143318
151,1.4700303525937741,0.15544240947018606,0.18664706550233823,0.12423775343803391,1.4180540405557398,0.38528304860045304,0.22850506000148343,0.5326114582797775,0.3545217860990466,0.44356662218941206,0.9279200882931544,1.702724670156554,1.133383410954926,0.9827059678632494,0.9827059678632494
152,1.4764882852974983,0.14672014016130186,0.17613376836801323,0.11730651195459049,1.47675855915134,0.3896664880677565,0.21663056816536921,0.53187833104741,0.3542352632178821,0.44305679713264606,0.9310766854268844,1.772810806390216,1.180706311912464,0.9836457552924496,0.9836457552924496
153,1.4829462180012223,0.13851243641285982,0.16619872438776492,0.11082614843795471,1.5199030036977985,0.3940307968213233,0.20540649372458525,0.5315054257168716,0.3544232930972648,0.4429643594070682,0.9343078376016413,1.8237058487280637,1.2161001586675335,0.9845309418223591,0.9845309418223591
154,1.4894041507049463,0.13078981845035997,0.1568108554664996,0.10476878143422037,1.5480690265904495,0.39837614112075603,0.1947988984699125,0.531377864086768,0.35502523811805203,0.44320155110241,0.9376110840302595,1.8560621251490967,1.2400759280318023,0.9853647525684656,0.9853647525684656
155,1.4958620834086704,0.12352410556475091,0.1479405177593581,0.09910769337014372,1.5651001808838176,0.40270268506765866,0.18477502590128084,0.5311781067163424,0.3558446173009064,0.44351136200862434,0.9409839346949807,1.874465959875691,1.2557344018919443,0.9861502242980331,0.9861502242980331
156,1.5023200161123944,0.1166884125219646,0.13955952433866037,0.09381730070526884,1.5771004232902346,0.407010590642822,0.17530333778012758,0.5303257867766552,0.35650546994592414,0.44341562836128967,0.9444238704804205,1.8862145790804645,1.2679862675000046,0.9868902140800107,0.9868902140800107
157,1.5087779488161186,0.11025713722098152,0.13164116435567652,0.08887311008628652,1.591185190910337,0.4113000177426137,0.1663535373386098,0.5279604696659065,0.3564347760936706,0.44219762287978853,0.9479283433073202,1.8997905851403305,1.2825797966803436,0.9875874078668905,0.9875874078668905
158,1.5152358815198428,0.10420594098159341,0.12416022197074601,0.08425165999244082,1.6145781386842126,0.41557112421458803,0.1578965808428494,0.523004146366191,0.35489601109655877,0.43895007873137487,0.9514947762667837,1.9237519300704313,1.3054043472979941,0.9882443289570336,0.9882443289570336
159,1.5216938142235668,0.09851172271475972,0.11709299878138547,0.07993044664813397,1.6542985508129522,0.4198240658923408,0.1499046790835571,0.5143345213932966,0.3510968926355306,0.43271570701441364,0.9551205637558964,1.9663322582964662,1.3422648433294382,0.9888633462947384,0.9888633462947384
160,1.528151746927291,0.09315258810426719,0.1104173440955292,0.07588783211300518,1.7173881318446744,0.424058996629626,0.14235129024233428,0.5010641307606902,0.34437226274994015,0.4227181967553152,0.9588030716155487,2.0356861806911493,1.3990900829981994,0.9894466825726016,0.9894466825726016
161,1.534609679631015,0.08810781480892393,0.10411269819787151,0.07210293141997635,1.811528839090269,0.4282760683337512,0.13521110545691156,0.4828529935063015,0.334398367147754,0.40862568032702773,0.9625396372703569,2.1405950846694157,1.4824625935111224,0.9899964221082661,0.9899964221082661
162,1.541067612334739,0.08335781458109082,0.0981601546641341,0.06855547449804754,1.9459551549597442,0.4324754309982745,0.12846002828592354,0.4601214909848025,0.3213508296634518,0.39073616032412717,0.9663275698717156,2.2915099194988744,1.600400390420614,0.9905145184734929,0.9905145184734929
163,1.547525545038463,0.07888409309098743,0.0925425485986999,0.06522563758327496,2.132673590120493,0.43665723273501517,0.12207514915549518,0.43404046127589707,0.3059194527527511,0.36997995701432407,0.9701641504446726,2.5019372299969866,1.7634099502439995,0.9910028018589555,0.9910028018589555
164,1.5539834777421873,0.07466920814664957,0.08724457785544987,0.06209383843784927,2.388089230615915,0.44082161980540013,0.11603471575598576,0.406281435541828,0.28915921698457575,0.3477203262632019,0.9740466320385318,2.790277839789576,1.9859006214422539,0.9914629861631663,0.9914629861631663
165,1.5604414104459112,0.07069672690842355,0.08225296260648711,0.05914049121035998,2.7347115287714883,0.44496873665115805,0.11031810025088984,0.3786417062101093,0.2722461998740041,0.3254439530420567,0.977972239882628,3.181733228002794,2.287689829540183,0.9918966757978678,0.9918966757978678
166,1.5668993431496354,0.06695118261200406,0.07755664247726987,0.05634572274673824,3.20565924291323,0.44909872592438227,0.10490576405784045,0.3527202230277288,0.2562549803482376,0.3044876016879832,0.9819381715474714,3.713454461997815,2.697864023828645,0.9923053722058238,0.9923053722058238
167,1.5733572758533594,0.06341803123856099,0.0731469950692433,0.05368906740787868,3.8492917097848642,0.4532117285169726,0.09977922086948557,0.3297377310192027,0.24202376667493194,0.2858807488470673,0.9859415971114882,4.439811773035759,3.2587716465339702,0.9926904800902022,0.9926904800902022
168,1.5798152085570834,0.06008360850082545,0.06901802730353129,0.051149189698119595,4.737591318226553,0.45730788358947694,0.0949209984945937,0.31046192764125413,0.23008301818203217,0.27027247291164314,0.989979659335549,5.44207006058634,4.033112575866766,0.9930533133570743,0.9930533133570743
169,1.5862731412608075,0.05693508745194076,0.06516643268943764,0.04870374221444387,5.979419802688719,0.46138732859934245,0.09031460002034886,0.29532348331244,0.22071729581496619,0.2580203895637031,0.9940494738429042,6.843889691444087,5.1149499139333505,0.9933951007747365,0.9933951007747365
170,1.5927310739645315,0.053960436969413494,0.061591322723847146,0.04632955121497984,7.742160258095853,0.46545019932859344,0.08594446472588936,0.28454107995732386,0.2140343794166382,0.24928772968698104,0.9981481293099524,8.837027974892406,6.647292541299302,0.9937169913555831,0.9937169913555831
171,1.5991890066682557,0.05114838131559407,0.0582933624630782,0.04400340016810994,10.287674510780098,0.4694966299109504,0.08179592910877405,0.2782378142411327,0.21003094288320598,0.24413437856216935,1.0022726876625452,11.724772587793273,8.850576433766925,0.9940200594670292,0.9940200594670292
172,1.6056469393719797,0.04848836093561393,0.05527307237479108,0.041703649496436776,14.033110170619493,0.4735267528584005,0.07785518833143236,0.27652994114474555,0.208642422888553,0.24258618201664928,1.0064201842844316,15.996686609680038,12.069533731558945,0.9943053096801474,0.9943053096801474
173,1.6121048720757039,0.045970494613239155,0.05252835947279446,0.03941262975368385,19.65560511994614,0.47754069908723695,0.07410925833773274,0.27958236460486335,0.20977385040052382,0.24467810750269356,1.01058762823412,22.459551503248015,16.85165873664427,0.9945736813644298,0.9945736813644298
174,1.6185628047794278,0.043585543073353494,0.05005193864669887,0.037119147500008116,28.27595591920092,0.4815385979435758,0.0705459388446416,0.2876319416250875,0.21331146715931482,0.2504717043922012,1.0147720024731335,32.471005545640324,24.080906292761526,0.9948260530383876,0.9948260530383876
175,1.625020737483152,0.04132487409214275,0.04782980674931471,0.03481994143497079,41.7870085138566,0.4855205772283667,0.06715377737361221,0.30098075645686373,0.21911299721133318,0.26004687683409844,1.0189702641056688,48.36468557395419,35.20933145375901,0.9950632464860545,0.9950632464860545
176,1.631478670186876,0.03918042914967479,0.04584167516570285,0.032519183133646726,63.452444564294765,0.48948676322190604,0.06392203444646254,0.3199583970751021,0.22697219663163182,0.27346529685336696,1.0231793446306863,74.24028820803031,52.66460092055922,0.9952860306494542,0.9952860306494542
177,1.6379366028906002,0.03714469164061879,0.044063194998671236,0.03022618828256634,99.02087254735288,0.49343728070786697,0.06084065004125401,0.34484614997688157,0.23655535323831275,0.2907007516075971,1.0273961502064173,117.46432190653383,80.57742318817193,0.99549512530739,0.99549512530739
178,1.6443945355943241,0.03521065664075135,0.04246884931717281,0.027952463964329884,158.8421762853758,0.4973722529968556,0.05790021137473952,0.3757525240324694,0.24731559852450474,0.3115340612784871,1.0316175619295613,191.58530665026186,126.09904592048977,0.9956912045511565,0.9956912045511565
179,1.6508524682980483,0.033371802211389634,0.041034352038251905,0.025709252384527363,260.9897173754811,0.5012918019495072,0.05509192205222684,0.4124388426337496,0.25840530608522677,0.3354220743594882,1.035840436127359,320.91595992661877,201.0634748243435,0.9958749000669236,0.9958749000669236
180,1.6573104010017725,0.031622062213271795,0.03973803897821968,0.02350608544832391,440.0393191325367,0.5051960479991291,0.05240757260718048,0.4541251512955086,0.26862685942897246,0.3613760053622405,1.0400616046660953,552.9778386274563,327.1007996376172,0.9960468042351885,0.9960468042351885
181,1.6637683337054965,0.02995580059049391,0.03856134566392187,0.021350255517065944,762.0940655841767,0.5090851101739059,0.04983951243326018,0.4991980631083688,0.276390930282284,0.38779449669532645,1.044277875274896,981.0244464219292,543.1636847464243,0.9962074730569138,0.9962074730569138
182,1.6702262664092207,0.0283677870773833,0.037488709005863305,0.019246865148903298,1355.8192708694125,0.5129591061186729,0.04738062309654965,0.545693029043608,0.2801611584185581,0.41292709373108305,1.0484860318858404,1791.747589317201,919.8909524216247,0.9963574289158018,0.9963574289158018
183,1.6766841991129446,0.02685317427509254,0.03650720242767841,0.017199146122506666,2477.9868909614165,0.5168181521162694,0.04502429300307386,0.5913398408330991,0.27858996730018887,0.43496490406664395,1.0526828349919644,3368.851969406516,1587.1218125163166,0.9964971631857213,0.9964971631857213
184,1.6831421318166688,0.025407476039372184,0.03560610043866848,0.015208851640075894,4652.966354660637,0.5206623631084827,0.04276439338498983,0.6342394728496927,0.27091015101376387,0.4525748119317283,1.056865022021221,6520.678681544692,2785.254027776582,0.996627138691874,0.996627138691874
185,1.6896000645203928,0.024026547119011143,0.03477646940721237,0.013276624830809913,8976.919797754057,0.52449185271659,0.04059525556248349,0.6735126000977084,0.257127139779925,0.4653198699388167,1.0610293077323933,12993.36001845119,4960.479577056923,0.9967477920343486,0.9967477920343486
186,1.696057997224117,0.022706563978796,0.0340108202139026,0.011402307743689399,17796.25308957657,0.5283067332615092,0.038511649425718025,0.7096818165330391,0.2379245905073015,0.4738032035201703,1.065172384626114,26655.95573491041,8936.550444242726,0.9968595357810806,0.9968595357810806
187,1.702515929927841,0.021444006743389504,0.03330282789680253,0.009585185589976477,36255.748884119275,0.5321071157835656,0.03650876308210067,0.7446565787322174,0.2143262887483058,0.4794914337402616,1.0692909233812689,56305.66058881336,16205.837179425174,0.996962760538497,0.996962760538497
188,1.7089738626315651,0.020235642192472342,0.03264711090892597,0.007824173476018714,75914.2684351482,0.5358931100618864,0.03458218360049973,0.7814309960218416,0.18727695965101004,0.48435397783642586,1.0733815733018757,122476.05080179858,29352.48606849783,0.9970578369054992,0.9970578369054992
189,1.7154317953352891,0.019078507744117734,0.032039059082492896,0.006117956405742569,163391.48859993412,0.5396648246334272,0.0327278787918101,0.8237409751677187,0.15729586074060983,0.49051841795416423,1.0774409627997894,274387.78897389263,52395.18822597555,0.9971451173186817,0.9971451173186817
190,1.7218897280390133,0.017969896355315568,0.03147469974495401,0.004465092965677127,361550.6247306098,0.5434223668116435,0.030942179948143578,0.8758872578249131,0.12425592826400962,0.5000715930444614,1.0814656998827896,633264.4958539412,89836.7536072785,0.9972249377932108,0.9972249377932108
191,1.7283476607427373,0.01690734227706961,0.03095059307363568,0.002864091480503537,822684.1596279538,0.5471658427048096,0.029221765473950043,0.9428152999387145,0.08724580048655141,0.515030550212633,1.085452372679122,1506006.2211731556,139362.098082752,0.9972976195659139,0.9972976195659139
192,1.7348055934464612,0.01588860759623298,0.030463749641634424,0.0013134655508315347,1925454.301215871,0.5508953572339991,0.027563645330020904,1.0304641869710096,0.04442917325916645,0.537446680115088,1.089397549972533,3691736.8261115155,159171.77632022678,0.9973634706447935,0.9973634706447935
193,1.7412635261501854,0.01491166950268509,0.03001156475062439,-0.00018822574525420924,4605208.19179436,0.5546110141507297,0.02596514621903162,1.146389940873982,-0.007189898386369422,0.5696000212438062,1.0932977817690335,9268546.611313738,-58130.227725017496,0.9974227872703096,0.9974227872703096
194,1.7477214588539094,0.013974708217390469,0.029591765483444277,-0.0016423490486633368,11225439.559056923,0.5583129160542804,0.024423897432755387,1.3007167543747853,-0.07219004642771484,0.6142633539735352,1.0971495998838305,23770125.981365174,-1319246.8632513273,0.9974758552918255,0.9974758552918255
195,1.7541793915576336,0.013076095521404013,0.029202367427842393,-0.003050176385034367,28085980.704640158,0.5620011644086923,0.022937817285685988,1.5075080609348241,-0.1574586546475792,0.6750247031436224,1.1009495185510438,62723396.80951866,-6551435.400238343,0.9975229514632667,0.9975229514632667
196,1.7606373242613576,0.012214383826623196,0.028841638795611108,-0.004412871142364716,72128688.02944614,0.5656758595594539,0.021505100058007064,1.7866547716868122,-0.2733643999641491,0.7566451858613314,1.1046940350592016,170316374.24167383,-26058998.182781547,0.9975643446611832,0.9975643446611832
197,1.7670952569650817,0.01138829573083222,0.028508070232036938,-0.005731478770372497,190135791.65355375,0.5693371007498834,0.020124203370869308,2.1674674567107655,-0.435764105128746,0.8658516757910096,1.1083796304094753,475962745.45351547,-95691162.14640796,0.9976002970281809,0.9976002970281809
198,1.7735531896688057,0.010596714001305907,0.028200349035098098,-0.007006921032486284,514477338.5702392,0.5729849861372099,0.018793835917024184,2.6936215728158612,-0.6692822712453561,1.0121696507852525,1.1120027699991017,1369145238.4712002,-340190561.3307218,0.9976310650439463,0.9976310650439463
199,1.78001112237253,0.009838671934131168,0.02791733681187998,-0.008239992943617644,1429011631.4496572,0.576619612808365,0.01751294547212793,3.431408087417209,-1.0128035713979078,1.2093022580096504,1.115559904334627,4054835783.7685285,-1196812520.8692143,0.997656900526528,0.997656900526528
