,m,spdy,spdy_up,spdy_dn,epk,ret,spd_ret,cb_ret_up,cb_ret_dn,epk_ret,volatility,epk_up,epk_dn,cdf_m,cdf_ret
0,0.8891289600561327,0.5412100431915992,0.5478201056640388,0.5345999807191595,0.49409388954054495,-0.11751299205828887,0.4812055228748812,0.5331473463769548,0.52028130794525,0.5267143271611024,0.6153100591782642,0.5001284994266691,0.4880592796544208,0.020103915806757966,0.020103915806757966
1,0.8903890938526564,0.5630945917847416,0.5693621952087238,0.5568269883607595,0.4953238710441386,-0.11609672768896978,0.5013732833325476,0.5380955212587641,0.5262486885752752,0.5321721049170197,0.6126455271704113,0.5008371429445072,0.48981059914377,0.020740968759238254,0.020740968759238254
2,0.8916492276491802,0.5860625622561519,0.5919912744621405,0.5801338500501634,0.49675869068093303,-0.11468246628801597,0.5225622309897975,0.5422473903521555,0.5313863224258855,0.5368168563890205,0.6099612250156446,0.5017839891772797,0.49173339218458634,0.021405407108745056,0.021405407108745056
3,0.892909361445704,0.6101626712565809,0.6157573938065376,0.6045679487066241,0.49860227915754046,-0.11327020219798507,0.5448199611697186,0.5457713135171457,0.5358536443001252,0.5408124789086355,0.6072588525262468,0.5031740786891599,0.494030479625921,0.022098666707527026,0.022098666707527026
4,0.8941694952422278,0.6354457830619715,0.6407130768884697,0.6301784892354734,0.5010040048930304,-0.11185992978537024,0.5681962350943253,0.5488116413717355,0.539788094717916,0.5442998680448258,0.6045400857339731,0.5051568931053148,0.49685111668074594,0.02282224587814896,0.02282224587814896
5,0.8954296290387515,0.6619649778692978,0.6669134832608504,0.6570164724777451,0.5040951889010898,-0.11045164344046551,0.5927430545701506,0.5516084314546739,0.5434225501804405,0.5475154908175572,0.6018065768268545,0.5078635419764475,0.5003268358257322,0.023577708225314575,0.023577708225314575
6,0.8966897628352752,0.6897756164169726,0.6944165903739239,0.6851346424600213,0.5079879963717163,-0.10904533757723148,0.618514733894491,0.5543941934445007,0.5469838606577349,0.5506890270511178,0.5990599541003722,0.511405860102318,0.5045701326411146,0.0243666855419975,0.0243666855419975
7,0.897949896631799,0.71893540015793,0.7232833934073755,0.7145874069084845,0.5127897891613742,-0.10764100663316302,0.6455679682567543,0.5573686835914566,0.550667478238763,0.5540180809151098,0.5963018219219431,0.51589105047243,0.5096885278503184,0.02519088080352594,0.02519088080352594
8,0.8992100304283227,0.74950442613875,0.7535781126768366,0.7454307396006634,0.5185680895849464,-0.106238645069157,0.673961897834388,0.5607216024764591,0.5546593137629272,0.5576904581196931,0.5935337607094493,0.5213865970839701,0.5157495820859227,0.026052071243964026,0.026052071243964026
9,0.9004701642248465,0.781545235639336,0.7853683803564162,0.7777220909222557,0.5253644717187206,-0.10483824736938076,0.7037581666852992,0.5646248495598705,0.55912770308767,0.5618762763237702,0.5907573269218088,0.5279344373624238,0.5227945060750173,0.026952111506945986,0.026952111506945986
10,0.9017302980213703,0.8151228555269299,0.8187253471155695,0.8115203639382902,0.5331983718293698,-0.10343980804114265,0.7350209754383288,0.5692538459377429,0.5642442729496427,0.5667490594436928,0.5879740530624937,0.5355548787492377,0.5308418649095019,0.027892936862120576,0.027892936862120576
11,0.902990431817894,0.8503048311769756,0.8537236069505691,0.8468860554033821,0.5420641502641854,-0.10204332161476248,0.7678171266813386,0.5747580020652135,0.5701547119203897,0.5724563569928016,0.5851854476946805,0.5442435989944621,0.5398847015339088,0.028876566476982557,0.028876566476982557
12,0.9042505656144177,0.887161249703162,0.8904408061942524,0.8838816932120717,0.5519394846599767,-0.10064878264344275,0.8022160618352779,0.5812537172115552,0.5769721200790093,0.5791129186452822,0.5823929954672227,0.5539798315757277,0.5498991377442257,0.02990510673296254,0.02990510673296254
13,0.9055106994109415,0.9257647521151693,0.9289568345287494,0.9225726697015891,0.5627524688061724,-0.09925618570314189,0.8382898881778038,0.5888347619876683,0.5847880527792712,0.5868114073834697,0.5795981571523644,0.5646928670064394,0.5608120706059052,0.030980754571156455,0.030980754571156455
14,0.9067708332074653,0.9661905329149274,0.9693526582606131,0.9630284075692417,0.5743934999084922,-0.09786552539244725,0.8761133945684336,0.5975774766354388,0.5936787616140751,0.595628119124757,0.5768023696925957,0.5762733612635585,0.5725136385534259,0.032105800853946986,0.032105800853946986
15,0.908030967003989,1.0085163255054432,1.011709129957382,1.0053235210535045,0.5867340539980666,-0.0964767963324496,0.9157640542880173,0.6075404247081421,0.6037058091742827,0.6056231169412124,0.5740070462579556,0.5885915619553822,0.5848765460407509,0.03328263372416962,0.03328263372416962
16,0.9092911008005128,1.052822371665206,1.056106288224789,1.0495384551056233,0.5996165173297382,-0.09508999316661779,0.9573220132788618,0.6187129428163528,0.6148652208565524,0.6167890818364526,0.5712135763124159,0.6014868144127533,0.5977462202467231,0.03451374194266088,0.03451374194266088
17,0.9105512345970366,1.0991913732125216,1.1026234916824489,1.0957592547425943,0.6128514585449888,-0.0937051105606756,1.0008700619370736,0.6310703841421691,0.6271417388020747,0.6291060614721219,0.5684233256888573,0.614765027793669,0.6109378892963085,0.03580171818282363,0.03580171818282363
18,0.9118113683935603,1.147708423852924,1.1513402694873616,1.1440765782184865,0.6261975692274634,-0.09232214320247815,1.046493588470151,0.6445557130271128,0.6404892751293892,0.642522494078251,0.5656376366722498,0.628179129056448,0.6242160093984789,0.03714926225784687,0.03714926225784687
19,0.913071502190084,1.1984609190716178,1.2023374172156975,1.194584420927538,0.6394451441347789,-0.09094108580188939,1.0942805116928307,0.6590788144274621,0.6548288962857697,0.6569538553566159,0.5628578280906442,0.6415134701644667,0.6373768181050913,0.038559184253065704,0.038559184253065704
20,0.9143316359866078,1.2515384418167663,1.2556978852202614,1.2473789984132713,0.652370922835182,-0.08956193309066134,1.144321191006454,0.6745117116010125,0.6700431315031701,0.6722774215520912,0.5600851954134508,0.6545390543451337,0.6502027913252303,0.04003440753482179,0.04003440753482179
21,0.9155917697831315,1.3070326215903219,1.3115072596893025,1.3025579834913412,0.6647614220315999,-0.08818467982231315,1.1967083111661687,0.69066714882277,0.6859542728321807,0.6883107108274754,0.5573210108561333,0.6670372388219535,0.6624856052412463,0.041577971601998165,0.041577971601998165
22,0.9168519035796553,1.3650369644598985,1.3698538618379172,1.3602200670818798,0.6764252116026878,-0.08680932077201103,1.2515367393216523,0.7073447713677111,0.7023702156585568,0.704857493513134,0.5545665234916267,0.6788121585594568,0.6740382646459188,0.043193034744950065,0.043193034744950065
23,0.9181120373761791,1.425646651402987,1.4308285818548168,1.4204647209511574,0.687119148174402,-0.08543585073645,1.3089033516981239,0.7243164223051456,0.7190700114169345,0.72169321686104,0.551822959367242,0.68961668403608,0.6846216123127239,0.04488287647255573,0.04488287647255573
24,0.9193721711727029,1.4889583023101203,1.4945245588967617,1.4833920457234788,0.6967900365754642,-0.08406426453373532,1.368906827180477,0.7413328124933768,0.7358107237115361,0.7385717681024565,0.5490915216270811,0.6993948859688803,0.6941851871820482,0.046650899664307355,0.046650899664307355
25,0.9206323049692265,1.5550697029107816,1.5610367803397311,1.549102625481832,0.705399960646941,-0.08269455700326543,1.4316474049785632,0.7580679951400734,0.7522725513934824,0.7551702732667779,0.5463733906391393,0.7081067050299609,0.702693216263921,0.04850063240204183,0.04850063240204183
26,0.9218924387657503,1.6240794918391082,1.6304616381402879,1.6176973455379284,0.7129530505052828,-0.08132672300561494,1.497226603480996,0.7742840377006734,0.7682224488945606,0.771253243297617,0.5436697241271894,0.7157547426004428,0.7101513584101228,0.0504357294308182,0.0504357294308182
27,0.9231525725622741,1.6960868050466544,1.7028964571086995,1.6892771529846093,0.7195072729009327,-0.07996075742241969,1.5657468973677473,0.7897476141663594,0.7834314268880863,0.7865895205272229,0.5409816573064207,0.7223960367130134,0.716618509088852,0.052459973195897236,0.052459973195897236
28,0.9244127063587979,1.771190874783887,1.778438997491813,1.763942752075961,0.7251194683574389,-0.07859665515626128,1.6373113500369796,0.804248922098459,0.7976934035978996,0.8009711628481793,0.5383103030229455,0.7280868249305705,0.7221521117843073,0.05457727439874205,0.05457727439874205
29,0.9256728401553216,1.8494905804310164,1.8571869286004363,1.8417942322615966,0.7299553874332018,-0.0772344111305533,1.7120231984280931,0.8176225000756143,0.8108458990401164,0.8142341995578654,0.5356567518962685,0.7329929756584527,0.7269177992079509,0.056791672011215155,0.056791672011215155
30,0.9269329739518454,1.9310839485585802,1.9392372681795462,1.9229306289376142,0.7342497027183875,-0.07587402028942733,1.789985387388077,0.8296725460538815,0.8226960037197213,0.8261842748868015,0.5330220724647332,0.7373498126397251,0.7311495927970499,0.05910733268374324,0.05910733268374324
31,0.9281931077483692,2.0160675997464956,2.024685781928337,2.0074494175646542,0.7382053722118863,-0.0745154775976212,1.871300050839495,0.8403887220894704,0.8332344039476853,0.8368115630185778,0.5304073113334431,0.7413610146050957,0.7350497298186768,0.06152854948019382,0.06152854948019382
32,0.9294532415448928,2.1045361399038285,2.1136263380536953,2.0954459417539617,0.7420330017621927,-0.07315877804036679,1.9560679371819896,0.8498387660905397,0.8425288621211229,0.8461838141058312,0.5278134933241234,0.7452380914215544,0.7388279121028309,0.06405973986829272,0.06405973986829272
33,0.9307133753414166,2.1965814940937314,2.2061502124809937,2.187012775706469,0.7459352606748331,-0.07180391662327851,2.0443877765804688,0.8581091517662989,0.8506654112881288,0.8543872815272138,0.5252416216267587,0.7491846936977911,0.7426858276518751,0.0667054428922409,0.0667054428922409
34,0.9319735091379404,2.292292181213668,2.3023453411855415,2.2822390212417942,0.7501075722793059,-0.07045088837224384,2.1363555880951655,0.8653388467692558,0.8577818658934255,0.8615603563313406,0.5226926779525847,0.7533972713333964,0.7468178732252154,0.06947031545152482,0.06947031545152482
35,0.9332336429344641,2.3917525282916934,2.402295516947462,2.381209539635925,0.7547788909630345,-0.06909968833331329,2.232063924975372,0.8716627070091639,0.864011749858537,0.8678372284338505,0.5201676226881222,0.7581060016029971,0.7514517803230719,0.07235912760778351,0.07235912760778351
36,0.9344937767309879,2.4950418236574627,2.5060795286767683,2.484004118638157,0.7601169685727124,-0.06775031157259126,2.331601056891434,0.8773079455402031,0.8695799654795872,0.8734439555098952,0.5176673950498389,0.7634796163647143,0.7567543207807104,0.07537675684046352,0.07537675684046352
37,0.9357539105275117,2.602233408830088,2.6137702423098257,2.5906965753503504,0.7662687745411987,-0.06640275317612868,2.435050088418092,0.8825710728994214,0.8747799707304136,0.8786755218149175,0.5151929132392399,0.7696659775832497,0.7628715714991476,0.07852818117094706,0.07852818117094706
38,0.9370140443240353,2.713393709634925,2.725433623152657,2.701353796117193,0.7733596790194152,-0.06505700824981521,2.5424880137084185,0.8876932448303634,0.8798502727563129,0.8837717587933381,0.512745074598064,0.7767912428283942,0.7699281152104361,0.08181847107536422,0.08181847107536422
39,0.9382741781205591,2.8285812078369297,2.8411277004790967,2.8160347151947627,0.781520205359005,-0.06371307191927233,2.6539847080304537,0.8929107994478698,0.8850245655601815,0.8889676825040256,0.5103247557631854,0.7849867268359472,0.7780536838820629,0.08525278010689741,0.08525278010689741
40,0.9395343119170829,2.947845355436346,2.9609014761652825,2.93478923470741,0.7908240130186793,-0.06237093932974805,2.769601857657856,0.8984417848337467,0.8905184111550638,0.8944800979944052,0.5079328128211857,0.7943266030613599,0.7873214229759986,0.08883633415083558,0.08883633415083558
41,0.9407944457136067,3.071225434747472,3.084793780205581,3.057657089289363,0.8013224841968831,-0.06103060564601122,2.8893918305447785,0.9045036030285151,0.8965467551946366,0.9005251791115758,0.5055700814619148,0.8048626412188724,0.7977823271748938,0.09257441923858023,0.09257441923858023
42,0.9420545795101304,3.1987493684287642,3.2128320770670156,3.184666659790513,0.8130490294362978,-0.059692066052247264,3.0133964912334545,0.911307476485002,0.9033184640726794,0.9073129702788406,0.5032373771313458,0.8166285323205105,0.809469526552085,0.09647236785177205,0.09647236785177205
43,0.9433147133066542,3.3304324848044367,3.3450312280619934,3.31583374154688,0.8260160169474762,-0.058355315751953914,3.141645964590465,0.9190099399297127,0.910988256872392,0.9149990984010524,0.5009354951829309,0.8296368066836638,0.8223952272112885,0.10053554365328576,0.10053554365328576
44,0.944574847103178,3.4662762450439253,3.4813922161813036,3.451160273906547,0.8402401508481367,-0.05702034996783874,3.2741573541797435,0.9277415505900701,0.9196851676082934,0.9237133590991818,0.49866521102767897,0.8439043267449212,0.8365759749513522,0.10476932458980714,0.10476932458980714
45,0.9458349808997016,3.606266940104998,3.62190084119796,3.5906330390120362,0.8556880089952631,-0.05568716394171637,3.4109334224134362,0.9376096805262094,0.9295153136995893,0.9335624971128994,0.49642728028231986,0.8593975906544277,0.8519784273360984,0.10917908431975842,0.10917908431975842
46,0.9470951146962254,3.750374366721964,3.7665263942491127,3.734222339194815,0.872279400041921,-0.05435575293440642,3.551961241004322,0.948736736793754,0.9405997849794204,0.9446682608865873,0.4942224389157696,0.876036113239904,0.8685226868439377,0.11377017193142169,0.11377017193142169
47,0.9483552484927492,3.8985504931749766,3.9152203225745033,3.88188066377545,0.8899369394960187,-0.053026112225633054,3.6972108217164847,0.961141165543566,0.9529566661088379,0.9570489158262019,0.4920514033933671,0.8937422248151922,0.8861316541768451,0.11854788992887011,0.11854788992887011
48,0.949615382289273,4.050728127048082,4.067914896573591,4.033541357522572,0.9085625657220253,-0.05169823711392416,3.846633738916675,0.9748433366071348,0.9666059923284442,0.9707246644677895,0.48991487081879476,0.9124174912877037,0.9047076401563469,0.12351747047839279,0.12351747047839279
49,0.9508755160857967,4.206819598671203,4.224521892841198,4.189117304501208,0.9280432389940209,-0.05037212291651182,4.000161756966324,0.9898383243780473,0.9815427540657863,0.9856905392219169,0.4878135190736692,0.9319484443478079,0.9241380336402337,0.12868404992444038,0.12868404992444038
50,0.9521356498823205,4.366715475422026,4.384931308329116,4.348499642514937,0.9482503267764263,-0.049047764969232736,4.157705477042137,1.0060960485033807,0.9977370224574268,1.0019165354804038,0.48574800695435927,0.9522059702351938,0.9442946833176586,0.13405264160312402,0.13405264160312402
51,0.9533957836788443,4.530283323484845,4.549010122208106,4.511556524761584,0.9689960533487574,-0.04772515862643054,4.319153019481033,1.0236110246977665,1.015183275752191,1.0193971502249788,0.48371897430608796,0.9730015851795432,0.9649905215179716,0.13962810700164763,0.13962810700164763
52,0.9546559174753679,4.697366535020137,4.716601123365395,4.678131946674879,0.9901078041990344,-0.04640429926085765,4.484368759207739,1.042251886722851,1.033751152626906,1.0380015196748786,0.4817270421541168,0.9941620579791505,0.9860535504189185,0.14541512533465628,0.14541512533465628
53,0.9559160512718917,4.867783239934077,4.887521822711672,4.848044657156483,1.011401181493112,-0.045085182263577765,4.653192133165279,1.0618996911173155,1.0533225856986876,1.0576111384080016,0.47977281283182704,1.0155023554686669,1.0073000075175575,0.15141816163246524,0.15141816163246524
54,0.9571761850684155,5.041325322514268,5.061563470550728,5.021087174477809,1.0326833199363414,-0.043767803043870124,4.825436539893007,1.0824192087466653,1.0737633219592817,1.0780912653529735,0.4778568701057025,1.036828975407199,1.0285376644654838,0.1576414334618983,0.1576414334618983
55,0.9584363188649392,5.217757564091286,5.238490200160225,5.197024928022348,1.0537388089908333,-0.042452157029133235,5.000888352457345,1.103652461579695,1.0949164998967582,1.0992844807382265,0.47597977929687924,1.0579258151846191,1.0495518027970472,0.16408887642738001,0.16408887642738001
56,0.959696452661463,5.396816933517364,5.418038319364545,5.3755955476701835,1.0743681111659173,-0.04113823966478934,5.179306066759929,1.1254362104100584,1.1166199877627807,1.1210280990864196,0.47414208739946095,1.0785927458922429,1.0701434764395918,0.17076410862803826,0.17076410862803826
57,0.9609565864579868,5.578212047623296,5.59991577225158,5.556508322995012,1.094380954111008,-0.03982604641419049,5.360419607822899,1.1475458704746442,1.1386507296960924,1.1430983000853683,0.472344323195247,1.0986389749004084,1.0901229333216076,0.1776703942751423,0.1776703942751423
58,0.9622167202545104,5.761622823842387,5.783801793213236,5.7394438544715385,1.1135937177461086,-0.038515572758524234,5.543929816901152,1.1697550028258372,1.1607837547413977,1.1652693787836175,0.4705869973649473,1.1178804198980188,1.1093070155941982,0.18481060670337524,0.18481060670337524
59,0.9634768540510342,5.946700346852268,5.969346775151702,5.924053918552834,1.1318349040612186,-0.03720681419671987,5.729508142169417,1.191837258606082,1.1827941059670126,1.1873156822865474,0.46887060259571867,1.1361451965775022,1.1275246115449349,0.19218719103806503,0.19218719103806503
60,0.964736987847558,6.133066970341204,6.156172372949141,6.109961567733268,1.148921546759901,-0.035899766245356374,5.916796555234321,1.213559831658807,1.2044503438795153,1.2090050877691612,0.4671956136850216,1.1532499349922807,1.1445931585275215,0.19980212680895182,0.19980212680895182
61,0.9659971216440818,6.320316673817366,6.343871862110093,6.29676148552464,1.164710817019742,-0.03459442443856986,6.105407714786673,1.2346756096099827,1.2255067559203285,1.2300911827651555,0.4655624876407412,1.1690515777786337,1.1603700562608503,0.20765689082779915,0.20765689082779915
62,0.9672572554406055,6.508015692728115,6.532010770834222,6.4840206146220085,1.1791116626078004,-0.03329078432796215,6.294925397312587,1.2549374903156567,1.2457175658070019,1.2503275280613293,0.4639716637774811,1.1834590517008705,1.1747642735147303,0.21575242067243305,0.21575242067243305
63,0.9685173892371293,6.6957034380090406,6.720127801628945,6.671279074389136,1.1920313921972019,-0.031988841482509425,6.484905212886587,1.2741335666177993,1.2648718673019452,1.2695027169598723,0.4624235638090692,1.1963796445412487,1.1876831398531549,0.22408907914250964,0.22408907914250964
64,0.969777523033653,6.882893718549184,6.907736055937948,6.858051381160419,1.2033997401975112,-0.030688591488472562,6.674875621678517,1.2920577800964606,1.2827645080203387,1.2874111440583997,0.4609185919371578,1.2077431549852438,1.1990563254097786,0.23266662007189165,0.23266662007189165
65,0.9710376568301768,7.069076276918217,7.094324572120061,7.043827981716373,1.2131588988179614,-0.029390029949306822,6.864339263892456,1.308522062800834,1.2992081525099077,1.303865107655371,0.4594571349360023,1.2174918827615797,1.2088259148743432,0.24148415589847527,0.24148415589847527
66,0.9722977906267005,7.253718645089833,7.279360183500911,7.2280771066787555,1.221248560875024,-0.028093152485572957,7.052774612448548,1.3233424371478393,1.3140194925269522,1.3186809648373958,0.4580395622333557,1.225565614432698,1.2169315073173501,0.25054012740384923,0.25054012740384923
67,0.9735579244232243,7.436268322824624,7.462289699148226,7.410246946501022,1.2277197751233664,-0.02679795473484809,7.239637953823312,1.3363445497741302,1.3270247495976144,1.3316846496858723,0.456666225987472,1.2320158759230586,1.2234236743236742,0.25983227604165826,0.25983227604165826
68,0.9748180582197481,7.616155276889444,7.642542405534592,7.589768148244295,1.2325961537547419,-0.025504432351638375,7.424365698117455,1.3474571399341762,1.3381525072586629,1.3428048235964194,0.4553374611602722,1.2368666382832458,1.2283256692262376,0.2693576192745333,0.2693576192745333
69,0.9760781920162718,7.792794754455045,7.819532882415735,7.766056626494355,1.235922234648855,-0.02421258100729116,7.606377014682367,1.3565962301352945,1.3473187338608263,1.3519574819980604,0.4540535855866898,1.2401628502303972,1.2316816190673125,0.27911242933444225,0.27911242933444225
70,0.9773383258127956,7.965590398891081,7.992664121129249,7.938516676652912,1.2377622892477855,-0.022922396389907757,7.785076784562687,1.3637058943361526,1.3544672740117463,1.3590865841739495,0.45281490004016517,1.2419692382293248,1.233555340266246,0.2890922158095881,0.2890922158095881
71,0.9785984596093193,8.133937650845091,8.16133092818552,8.106544373504661,1.238173521243012,-0.021633874204257744,7.959858855675252,1.368752487116449,1.359564128791094,1.3641583079537716,0.4516216882944205,1.2423434119059265,1.2340036305800977,0.29929171244267394,0.29929171244267394
72,0.979858593405843,8.297227412074797,8.324923591605087,8.269531232544507,1.237292600007903,-0.02034701017169284,8.130109581164014,1.3716827851753015,1.3625558851482233,1.3671193351617623,0.4504742171814905,1.2414226878407912,1.2331625121750145,0.30970486849988266,0.30970486849988266
73,0.9811187272023668,8.454849944072652,8.482831782025789,8.426868106119516,1.2352424522882806,-0.01906180003006132,8.295211615815562,1.3725899202319982,1.363534550583994,1.368062235407996,0.4493727366461189,1.2393305619958925,1.2311543425806686,0.32032484503729997,0.32032484503729997
74,0.9823788609988906,8.606198968236502,8.634448655317989,8.577949281155014,1.2321516063342646,-0.017778239533623997,8.454547939946002,1.371529365349927,1.3625547852832904,1.3670420753166086,0.4483174797965376,1.236196120927102,1.2281070917414272,0.33114401635210733,0.33114401635210733
75,0.9836389947954144,8.750675929284657,8.779175118390226,8.722176740179089,1.228157604205879,-0.016496324452969606,8.60750607486199,1.3685800405240567,1.3596945994991254,1.3641373200115912,0.4473086629517387,1.2321574661704355,1.2241577422413226,0.34215397685930515,0.34215397685930515
76,0.9848991285919381,8.887694378952354,8.91642421520649,8.858964542698217,1.2234136927910346,-0.015216050574931417,8.75348244902164,1.3638423595832316,1.3550534175765345,1.359447888579883,0.44634648568533686,1.227368427682481,1.2194589578995882,0.3533455535821375,0.3533455535821375
77,0.9861592623884619,9.01668443284617,9.045625585876067,8.987743279816272,1.2180855408929596,-0.013937413702503693,8.891886869485106,1.35740648393398,1.3487205376934794,1.3530635108137297,0.44543113086606617,1.2219952707171586,1.2141758110687608,0.3647088243857741,0.3647088243857741
78,0.9874193961849856,9.137097249798114,9.166229948142192,9.107964551454035,1.212317870333856,-0.012660409654759832,9.022147049279146,1.3494541895050476,1.3408763462577329,1.3451652678813901,0.4445627646950713,1.216183221642703,1.2084525190250086,0.3762331420201974,0.3762331420201974
79,0.9886795299815094,9.248409480282113,9.27771354781734,9.219105412746886,1.206255321458067,-0.011385034266769872,9.143713138041855,1.340143920249632,1.3316781128621735,1.3359110165559027,0.4437415367400439,1.2100774043232447,1.202433238592889,0.3879071639703966,0.3879071639703966
80,0.9899396637780331,9.350127628515565,9.379582522773276,9.320672734257855,1.200036632134484,-0.01011128338951922,9.256062200854396,1.3296397318260136,1.321288742300265,1.3254642370631393,0.44296757996638847,1.2038170032170241,1.1962562610519436,0.399718888041086,0.399718888041086
81,0.9911997975745569,9.441792271873453,9.471377124099677,9.41220741964723,1.1938048431860517,-0.008839152889827217,9.358702588621982,1.318112797324269,1.3098782667348141,1.3139955320295416,0.4422410107655303,1.197545503736043,1.1900641826360603,0.4116556935301414,0.4116556935301414
82,0.9924599313710807,9.52298208125486,9.552675738058214,9.493288424451505,1.1877402884959034,-0.007568638650267342,9.451178142810228,1.3057520453547646,1.2976344133596642,1.3016932293572143,0.4415619289804488,1.1914437872736168,1.1840367897181898,0.42370438777144237,0.42370438777144237
83,0.9937200651676044,9.59331758709135,9.623098653509551,9.56353652067315,1.18189781700379,-0.006299736569086913,9.533072177817942,1.292747687439522,1.2847462305018298,1.288746958970676,0.4409304179286774,1.1855668477711105,1.1782287862364693,0.4358512577546829,0.4358512577546829
84,0.9949801989641281,9.652464637825993,9.682311521631158,9.622617754020828,1.1763694872184647,-0.005032442560127302,9.604011185838317,1.279270385836388,1.2713833777647836,1.2753268818005858,0.44034654442285964,1.180006999990007,1.1727319744469225,0.44808212645892453,0.44808212645892453
85,0.9962403327606519,9.700137500877162,9.73002845793035,9.670246543823973,1.171233209896681,-0.003766752552745646,9.663668211697942,1.2654863892174517,1.2577111603011035,1.2615987747592776,0.4398103587890712,1.1748423630218943,1.1676240567714675,0.4603824134689418,0.4603824134689418
86,0.9975004665571756,9.736101560327313,9.766014740784355,9.706188379870271,1.1665525511593209,-0.0025026624917360712,9.71176584887454,1.2515527376529916,1.24388575702955,1.2477192473412708,0.4393218948830323,1.1701366650635598,1.162968437255082,0.47273719938084646,0.47273719938084646
87,0.9987606003536994,9.760175570756214,9.790089065919814,9.730262075592615,1.1624705904295638,-0.001240168337251395,9.748078812605987,1.2376525073649862,1.2300892437329607,1.2338708755489733,0.43888117010448857,1.1660333909276235,1.158907789931504,0.4851312934468055,0.4851312934468055
88,1.0000207341502232,9.7722334327049,9.802125322312543,9.742341543097256,1.1589518051353414,2.0733935273667926e-05,9.77243605166091,1.2239347263864642,1.2164698714646796,1.2202022989255719,0.43848818540982415,1.1624968759380652,1.1554067343326173,0.4975493038593246,0.4975493038593246
89,1.0012808679467469,9.772205462064486,9.802053861797612,9.74235706233136,1.1559964880451026,0.0012800483351998178,9.784722366809868,1.2104810979098017,1.203108985046676,1.206795041478239,0.43814292532326127,1.15952738446344,1.1524655916267652,0.509975710034773,0.509975710034773
90,1.0025410017432708,9.760079133128775,9.789862242126299,9.73029602413125,1.1536109344131702,0.002537778856760106,9.784879511220515,1.1973900143891976,1.190104519163811,1.1937472667765043,0.4378453579467374,1.1571312050720157,1.150090663754325,0.5223949362241367,0.5223949362241367
91,1.0038011355397944,9.73589928294448,9.765595431103016,9.706203134785945,1.1517912450805763,0.003793929479134729,9.77290675572074,1.184743705210416,1.1775383433155813,1.1811410242629987,0.4375954349687585,1.1553044042112932,1.1482780859498594,0.5347914257573887,0.5347914257573887
92,1.0050612693363181,9.699767772787439,9.729355467631395,9.670180077943483,1.150580914417979,0.005048504166528003,9.748860909985254,1.1726408899004201,1.1655087132773445,1.1690748015888823,0.43739309167240525,1.1540905898851161,1.147071238950842,0.5471497152169871,0.5471497152169871
93,1.006321403132842,9.65184261089417,9.681300583801482,9.622384637986857,1.1499551938934214,0.0063015068682427625,9.712855799012374,1.161181549653265,1.1541151324226318,1.1576483410379483,0.437238246942816,1.1534649225858578,1.146445465200985,0.5594545078354507,0.5594545078354507
94,1.0075815369293657,9.592336548813927,9.621643800387337,9.563029297240517,1.1498305614522506,0.007552941518754293,9.665061202597665,1.1503232056087664,1.1433155025017048,1.1468193540552356,0.4371308032742976,1.153343613080474,1.1463175098240275,0.5716907454227265,0.5716907454227265
95,1.0088416707258894,9.521515171718539,9.550651016098078,9.492379327339,1.1501777921169487,0.008802812037785778,9.605701273678434,1.1400837852510466,1.1331277560357143,1.1366057706433803,0.4370706467773888,1.1536973371216617,1.1466582471122357,0.5838436781501883,0.5838436781501883
96,1.0101018045224133,9.439694510556397,9.468638618476099,9.410750402636694,1.150967057986106,0.010051122330381307,9.535052459253334,1.1304694413598866,1.1235581142242623,1.1270137777920746,0.43705764718615153,1.1544961673975511,1.1474379485746606,0.5958989315493373,0.5958989315493373
97,1.011361938318937,9.347238210893165,9.375970651293834,9.318505770492497,1.1521850351663567,0.011297876286978412,9.453440954897744,1.121487286070782,1.1146137435213095,1.1180505147960458,0.4370916578658985,1.1557267324149494,1.1486433379177643,0.6078425701241397,0.6078425701241397
98,1.0126220721154606,9.244554299490854,9.273055579510888,9.21605301947082,1.1538607704897168,0.012543077783482147,9.361239730534319,1.113212058422887,1.1063690133603958,1.1097905358916416,0.437172515821742,1.1574181630754978,1.1503033779039356,0.619661157025508,0.619661157025508
99,1.0138822059119845,9.1320915950376,9.160342698215475,9.103840491859726,1.1558894420657198,0.013786730681336715,9.258865170967015,1.1055190093163945,1.098700021724722,1.1021095155205582,0.4373000417081627,1.1594653098228673,1.152313574308572,0.6313418092932519,0.6313418092932519
100,1.0151423397085082,9.010335813823126,9.038318236357858,8.982353391288393,1.1582517383228852,0.015028838827596664,9.146773379603774,1.0983823759543678,1.0915812434992125,1.09498180972679,0.4374740398399734,1.1618487951044556,1.1546546815413148,0.6428722482344256,0.6428722482344256
101,1.0164024735050319,8.87980542451141,8.907501209441175,8.852109639581645,1.1609323934643898,0.016269406054999602,9.025456197716798,1.0917743443123724,1.0849851120190637,1.088379728165718,0.43769429820494,1.1645532986926321,1.1573114882361477,0.6542408445754653,0.6542408445754653
102,1.0176626073015558,8.741047308434922,8.768439077608825,8.713655539261019,1.1639195382641756,0.017508436182036506,8.89543699444813,1.0856667255922845,1.0788836865396094,1.082275206065947,0.43796058847839936,1.1675669061600527,1.1602721703682985,0.6654366580976259,0.6654366580976259
103,1.0189227410980795,8.594632283010416,8.621703266744117,8.567561299276715,1.1672557005089652,0.01874593301302157,8.757266284535017,1.0801122651774213,1.0733294519312333,1.0767208585543273,0.4382726660401947,1.170932269679238,1.1635791313386923,0.6764494715398035,0.6764494715398035
104,1.0201828748946031,8.44115054597043,8.467884610292739,8.414416481648122,1.1708779332130845,0.01998190033816362,8.611517231406262,1.0750048215057832,1.0682169991941766,1.0716109103499798,0.43863026999425486,1.1745862340909823,1.1671696323351866,0.6872698186280344,0.6872698186280344
105,1.021443008691127,8.281207097153395,8.307588768567923,8.254825425738867,1.1747617694051877,0.0212163419336351,8.458781092910678,1.0703136132302928,1.0635158135699214,1.0669147134001071,0.4390331231911632,1.1785042405965493,1.1710192982138259,0.6978890061657657,0.6978890061657657
106,1.0227031424876507,8.115417192666605,8.141431680370113,8.089402704963097,1.1788891016010317,0.02244926156164065,8.299662665538445,1.0660211497795529,1.0592085902245831,1.0626148700020681,0.4394809322540324,1.1826681058480484,1.175110097354015,0.7082991301918025,0.7082991301918025
107,1.0239632762841746,7.9444018834065275,7.970035098923302,7.918768667889753,1.1832337700141136,0.02368066297048741,8.134775780651115,1.0621138941323471,1.0552819557497088,1.058697924941028,0.4399733876080859,1.1870515635596348,1.179415976468592,0.71849308628265,0.71849308628265
108,1.0252234100806983,7.768783686316194,7.794022260526005,7.743545112106383,1.1877721033327702,0.02491054989465168,7.9647389030643865,1.0586269121247267,1.0517708285804233,1.055198870352575,0.44051016351423433,1.1916308379281366,1.1839133687374035,0.7284645741413289,0.7284645741413289
109,1.026483543877222,7.589182432458916,7.6140137300141175,7.564351134903714,1.192436885894386,0.02613892605484837,7.790170878401184,1.0555164440277935,1.0486318116051478,1.0520741278164707,0.44109091810703244,1.1963384596663909,1.1885353121223812,0.7382080966753408,0.7382080966753408
110,1.0277436776737459,7.406211331164577,7.430623462310214,7.381799200018941,1.1971388238611245,0.02736579515809789,7.611686871120051,1.0527543032955269,1.045836989762809,1.0492956465291678,0.44171529343741217,1.2010847968641707,1.1931928508580782,0.7477189538206286,0.7477189538206286
111,1.0290038114702695,7.220473284257146,7.244455114086015,7.196491454428277,1.2017892007222033,0.028591160897792643,7.429894530119858,1.050331629634385,1.0433776561445656,1.0468546428894752,0.4423829155204573,1.2057807817401307,1.1977976197042761,0.7569932314161747,0.7569932314161747
112,1.0302639452667932,7.0325574788461935,7.056098634038811,7.009016323653576,1.2062807338556312,0.02981502695376501,7.245390413471572,1.048236092202306,1.041241663749734,1.0447388779760198,0.4430933943887115,1.2103187018419546,1.2022427658693078,0.7660277854747264,0.7660277854747264
113,1.0315240790633171,6.843036281505491,6.866127154622854,6.8199454083881275,1.2104833005669418,0.03103739699235302,7.0587566982768175,1.0464670638767102,1.039428499734417,1.0429477818055637,0.44384632415123854,1.2145679079187426,1.2063986932151407,0.7748202222284277,0.7748202222284277
114,1.0327842128598408,6.6524624509665315,6.675094202381031,6.629830699552032,1.2142194721243698,0.03225827466646561,6.870558196001117,1.0449848105830626,1.037898817262816,1.0414418139229393,0.44464128305895084,1.2183502603036809,1.2100886839450589,0.7833688743540552,0.7833688743540552
115,1.0340443466563647,6.4613666808770205,6.483531238444521,6.43920212330952,1.2173484922064148,0.03347766361564959,6.681339688034682,1.0437290804219017,1.036592909580089,1.0401609950009953,0.44547783357643894,1.2215243875034694,1.2131725969093603,0.7916727738012961,0.7916727738012961
116,1.0353044804528884,6.2702554787853515,6.291945535378641,6.248565422192062,1.2197109663275738,0.034695567466153106,6.491623590770745,1.042647956748973,1.0354593715771523,1.0390536641630626,0.4463555224607133,1.223930188331623,1.2154917443235247,0.7997316216587382,0.7997316216587382
117,1.036564614249412,6.079609382424458,6.100818391465415,6.058400373383501,1.2211481254848142,0.03591198983099173,6.301907954279915,1.0416757173803108,1.0344331121132628,1.0380544147467867,0.4472738808472918,1.2254081593134065,1.216888091656222,0.8075457554969567,0.8075457554969567
118,1.0378247480459357,5.8898815096695785,5.910603678814788,5.8691593405243685,1.2215092905477445,0.03712693431001204,6.112664793793246,1.0407288565801351,1.033431409289716,1.0370801329349255,0.44823242434379845,1.2258068850052255,1.2172116960902635,0.8151161146260852,0.8151161146260852
119,1.0390848818424596,5.701496434249869,5.721726717401476,5.681266151098261,1.2205831216044452,0.03834040448995585,5.924338748707729,1.0396933075067418,1.0323412297020733,1.0360172686044076,0.4492306531316597,1.2249140446252504,1.21625219858364,0.8224442036976924,0.8224442036976924
120,1.0403450156389833,5.514849375524285,5.53458346335575,5.495115287692821,1.218311815743054,0.03955240394452297,5.73734605982645,1.0384606359548059,1.0310551740857656,1.0347579050202858,0.4502680520760277,1.2226713676983054,1.2139522637878024,0.8295320550676886,0.8295320550676886
121,1.0416051494355072,5.330305687340321,5.349539996544864,5.311071378135778,1.2146399786503514,0.040762936234435804,5.552073851999048,1.0369136323164925,1.0294571715982763,1.0331854019573845,0.4513440908443873,1.2190229844837783,1.2102569728169248,0.8363821903194637,0.8363821903194637
122,1.0428652832320309,5.148200628251594,5.166932289740066,5.129468966763122,1.2095349266450914,0.04197200490750045,5.368879706316918,1.0349294922345684,1.0274256397256172,1.0311775659800928,0.45245822403414393,1.21393580385257,1.2051340494376128,0.8429975813249353,0.8429975813249353
123,1.0441254170285545,4.96883939316124,4.98706623945653,4.950612546865949,1.2030041729085215,0.043179613498670534,5.188091503532389,1.0323775163086246,1.024831201339076,1.0286043588238503,0.45360989130952306,1.2074170690432557,1.1985912767737872,0.8493816111963941,0.8493816111963941
124,1.0453855508250784,4.792497384764793,4.810217936861895,4.774776832667691,1.1950505671515717,0.04438576553010861,5.010007518400092,1.029081011852999,1.0214988673755387,1.0252899396142687,0.45479851754800227,1.199469339689915,1.1906317946132285,0.8555380354548445,0.8555380354548445
125,1.0466456846216021,4.619420701976914,4.63663415596174,4.602207247992087,1.1857703452809818,0.04559046451124716,4.834896743175829,1.0249833881438954,1.0173729087342398,1.0211781484390676,0.45602351299672067,1.1901889086879325,1.1813517818740311,0.8614709437113621,0.8614709437113621
126,1.0479058184181258,4.449826821822178,4.466533035569448,4.433120608074908,1.1753371281466178,0.046793713938851116,4.662999417540497,1.0200000807433842,1.0123698497631453,1.0161849652532648,0.45728427343893113,1.179749756789069,1.1709244995041668,0.867184722127611,0.867184722127611
127,1.0491659522146497,4.283905450984491,4.300104931285606,4.267705970683377,1.163899753232757,0.04799551729707815,4.494527741679672,1.0140699970058895,1.0064295290624539,1.0102497630341716,0.45858018037103226,1.1683010107629934,1.1594984957025207,0.8726840168907275,0.8726840168907275
128,1.0504260860111734,4.121819523343582,4.1375134138508765,4.106125632836288,1.1516232070049475,0.049195878057538535,4.329666749150239,1.007159752720046,0.9995192917467334,1.0033395222333896,0.4599106011900753,1.1560080298760211,1.1472383841338738,0.8779736989067315,0.8779736989067315
129,1.051686219807697,3.963706320281972,3.978896390696603,3.9485162498673407,1.1386715905486064,0.05039479967935663,4.1685753164052235,0.9991914788206306,0.9915623337358414,0.995376906278236,0.461274889392347,1.143035309815866,1.1343078712813468,0.883058829885953,0.883058829885953
130,1.052946353604221,3.8096786913378367,3.82436732831688,3.7949900543587933,1.1251898401525722,0.05159228560923003,4.011387286447875,0.9902696224934922,0.9826627637650013,0.9864661931292467,0.462672384782926,1.129528133860146,1.1208515464449984,0.8879446299641431,0.8879446299641431
131,1.0542064874007446,3.659826353794209,3.674016554109194,3.6456361534792237,1.1113900189906285,0.05278833928148836,3.8582126849300677,0.9804656405295666,0.9728919109961417,0.9766787757628541,0.46410241369651745,1.1156991980261863,1.1070808399550707,0.8926364469744001,0.8926364469744001
132,1.0554666211972683,3.5142172510306473,3.527912617576443,3.5005218844848516,1.09741591520245,0.053982964118153696,3.70913900809847,0.9698694717533995,0.9623393998060026,0.9661044357797011,0.4655642892298441,1.1016926892714065,1.0931391411334936,0.8971397274577999,0.8971397274577999
133,1.0567267549937922,3.3728989508709653,3.3861036922037813,3.3596942095381492,1.0833913522582226,0.05517616352899864,3.564232563275841,0.9585917397290311,0.9511153260586288,0.95485353289383,0.4670573114853833,1.0876327786327322,1.0791499258837132,0.9014599894754314,0.9014599894754314
134,1.0579868887903159,3.2359000666507463,3.248619000826751,3.2231811324747417,1.069417715786704,0.05636794091160407,3.4235398439521987,0.9467191685218442,0.9393060130951681,0.9430125908085062,0.46858076782705804,1.073621137787873,1.065214293785535,0.9056027972608396,0.9056027972608396
135,1.0592470225868396,3.1032316853404787,3.1154702489371746,3.0909931217437827,1.0555498270344612,0.05755829965141849,3.2870889230940423,0.9344219656177946,0.9270805489207394,0.930751257269267,0.47013393314739355,1.0597127175297691,1.051386936539153,0.9095737377307183,0.9095737377307183
136,1.0605071563833635,2.9748887886634883,2.9866530519932826,2.963124525333694,1.041859896984515,0.05874724312181507,3.1548908498222645,0.9218508006436293,0.9145885606842103,0.9182196806639199,0.47171607014677375,1.0459799549267095,1.0377398390423205,0.9133783988521196,0.9133783988521196
137,1.0617672901798871,2.8508516548055987,2.862148344478796,2.8395549651324012,1.0283831379447967,0.059934774684148394,3.0269410362277873,0.909132819744587,0.9019562585742444,0.9055445391594157,0.47332642962432275,1.0324581746640622,1.0243081012255313,0.9170223498475116,0.9170223498475116
138,1.063027423976411,2.7310872299082654,2.7419237600683166,2.720250699748214,1.015132109494306,0.06112089768781293,2.9032206226642554,0.8963842462399878,0.8892989325920748,0.8928415894160313,0.4749642507806279,1.0191599961178106,1.0111042228708016,0.9205111232038647,0.9205111232038647
139,1.0642875577729347,2.615550460110512,2.625934973845099,2.605165946375925,1.00210504299838,0.06230561547029805,2.7836978114228925,0.8836927594639017,0.8767034625550216,0.8801981110094617,0.47662876153244255,1.0060836982532575,0.9981263877435027,0.9238501984388718,0.9238501984388718
140,1.0655476915694584,2.504185576415665,2.514126999036009,2.494244153795321,0.989270884661533,0.06348893135724583,2.6683291602112456,0.871147855982207,0.8642584275607736,0.8677031417714903,0.47831917883880437,0.9931982133879043,0.9853435559351617,0.9270449875668434,0.9270449875668434
141,1.066807825365982,2.3969273260629507,2.4064354321207424,2.387419220005159,0.9766042634411765,0.06467084866250623,2.5570608282775145,0.8588261308030468,0.8520394870993494,0.8554328089511981,0.4800347090390094,0.9804782469417702,0.9727302799405827,0.9301008221972218,0.9301008221972218
142,1.068067959162506,2.293702145427911,2.3027876414780644,2.284616649377758,0.9640992697100784,0.0658513706881932,2.4498297693938507,0.8467713504822985,0.840089589974628,0.8434304702284633,0.48177454820184673,0.9679181265413225,0.9602804128788344,0.9330229421919829,0.9330229421919829
143,1.0693280929590296,2.1944292706889392,2.203103895853145,2.1857546455247334,0.9517317560284043,0.0670305007247392,2.3465648671592776,0.83501035386067,0.8284347204176841,0.8317225371391771,0.4835378824862944,0.9554939717218843,0.9479695403349243,0.9358164858021714,0.9358164858021714
144,1.0705882267555535,2.0990217836252683,2.1072984298866686,2.090745137363868,0.9394788600243213,0.0682082420509517,2.247188009252655,0.8235467728716753,0.8170776318880288,0.8203122023798521,0.4853238885130825,0.9431833161929731,0.9357744038556697,0.938486481200048,0.938486481200048
145,1.0718483605520772,2.007387590910202,2.0152804446469887,1.9994947371734153,0.9273125554318179,0.06938459793406615,2.151615098309684,0.8123679736516746,0.8060046889649065,0.8091863313082905,0.4871317337472269,0.9309586586564524,0.9236664522071831,0.9410378393205217,0.9410378393205217
146,1.073108494348601,1.9194303361707448,1.926955041534176,1.9119056308073135,0.9151797062918614,0.0705595716298019,2.059756998055217,0.801477581279209,0.7952180863511694,0.7983478338151893,0.4889605768909504,0.9187674674700953,0.9115919451136275,0.9434753479241964,0.9434753479241964
147,1.0743686281451248,1.8350502448649522,1.8422240879721274,1.8278764017577769,0.9031066916632532,0.07173316638241564,1.9715204141529339,0.7908569268459655,0.7846975420561803,0.787777234451073,0.4908095682868007,0.9066372466075453,0.8995761367189612,0.9458036667938972,0.9458036667938972
148,1.0756287619416485,1.7541449027174885,1.7609870129450889,1.747302792489888,0.8910809431379538,0.07290538542475444,1.8868087099762656,0.7804835727135941,0.7744186164179689,0.7774510945657815,0.49267785033064987,0.8945566389172586,0.8876052473586492,0.9480273239773953,0.9480273239773953
149,1.0768888957381721,1.6766099690360718,1.6831415296205559,1.6700784084515878,0.8790895383413128,0.07407623197831055,1.8055226581388664,0.7703290714344021,0.7643504286268691,0.7673397500306356,0.49456455789402104,0.88251420280407,0.8756648738785555,0.9501507129901361,0.9501507129901361
150,1.078149029534696,1.602339826719156,1.6085842811245417,1.5960953723137703,0.8671173577308143,0.07524570925327376,1.727561129162051,0.7603408955548422,0.7544376748028363,0.7573892851788393,0.4964688187553491,0.870496587725712,0.8637381277359165,0.9521780908944375,0.9521780908944375
151,1.0794091633312197,1.531228171165207,1.5372114042899054,1.5252449380405084,0.8550988712313425,0.0764138204485837,1.6528217191066297,0.7505276723295069,0.7446851681462139,0.7476064202378604,0.4983897540397595,0.85844014720026,0.8517575952624251,0.9541135771737106,0.9541135771737106
152,1.0806692971277436,1.463168540614241,1.468919005528876,1.4574180756996058,0.8430416588631037,0.07758056875198374,1.5812013183650182,0.7408713705926157,0.7350707038345236,0.7379710372135696,0.5003264786667769,0.8463549350485204,0.839728382677687,0.9559611533238697,0.9559611533238697
153,1.0819294309242673,1.398054790696989,1.4036035439402028,1.392506037453775,0.8309213774702627,0.07874595734007157,1.5125966240997388,0.7313566064753395,0.7255741797215086,0.7284653930984241,0.5022781018054331,0.8342192293990812,0.8276235255414444,0.9577246630875569,0.9577246630875569
154,1.083189564720791,1.3357815161482662,1.341162120689465,1.3304009116070674,0.8186950574903291,0.07990998937835246,1.4469045990387188,0.7219701204395298,0.716177180646912,0.7190736505432209,0.5042437273360096,0.8219928081261453,0.8153973068545128,0.9594078132604749,0.9594078132604749
155,1.0844496985173149,1.2762444227539795,1.2814926816122696,1.2709961638956895,0.8063108705677873,0.0810726680212903,1.3840228794899576,0.7126595706465485,0.7068222811196425,0.7097409258830955,0.5062224543181966,0.8096266368062491,0.8029951043293254,0.9610141750030803,0.9610141750030803
156,1.0857098323138386,1.2193406526786656,1.2244941515470427,1.2141871538102886,0.7936756840915089,0.08223399641235829,1.3238501355532006,0.7034481091007626,0.6975269390737231,0.7004875240872428,0.5082133774645357,0.7970301254700018,0.790321242713016,0.9625471855951739,0.9625471855951739
157,1.0869699661103622,1.1649690663367238,1.1700665312046055,1.1598716014688422,0.7807161551735153,0.08339397768409107,1.266286386555649,0.6943240970903675,0.6882743681263264,0.6912992326083469,0.5102155876187282,0.7841322743545154,0.7773000359925153,0.9640101505751664,0.9640101505751664
158,1.0882300999068861,1.1130304839557414,1.118110995083437,1.107949972828046,0.767395727806194,0.0845526149581349,1.2112332747545664,0.6852689178376595,0.6790414209650825,0.682155169401371,0.5122281722379525,0.770898563164853,0.7638928924475352,0.9654062462093993,0.9654062462093993
159,1.0894902337034098,1.063427889931841,1.0685300264156115,1.0583257534480706,0.7536452529456349,0.08570991134529742,1.1585943003285655,0.6762585404597414,0.6698003908777119,0.6730294656687267,0.5142502158785692,0.7572611078402444,0.7500293980510253,0.9667385222416487,0.9667385222416487
160,1.0907503674999335,1.0160666030037504,1.0212276104462503,1.0109055955612505,0.7394011582899602,0.08686586994559896,1.1082750206307497,0.667226063600444,0.6604821043795079,0.6638540839899759,0.5162808006842569,0.7431568716158843,0.7356454449640362,0.9680099048765427,0.9680099048765427
161,1.0920105012964574,0.9708544151710843,0.9761094849331976,0.965599345408971,0.7245987123770511,0.08802049384832179,1.0601832165968548,0.6581527003729071,0.6510661216479403,0.6546094110104237,0.5183190068758676,0.728520841919417,0.7206765828346852,0.9692231999548901,0.9692231999548901
162,1.093270635092981,0.9277017021695677,0.9330834257440225,0.9223199785951129,0.7091463721608549,0.08917378613205901,1.014229029107763,0.6490050066588906,0.6415185044921841,0.6452617555755373,0.5203639132422297,0.7132602265818092,0.7050325177399005,0.9703810962822499,0.9703810962822499
163,1.0945307688895047,0.8865215081869273,0.8920595341609192,0.8809834822129354,0.6931005374061243,0.09032574986476508,0.970325067992921,0.6397302772402531,0.6317872134512695,0.6357587453457613,0.5224145976307434,0.697430278696432,0.6887707961158165,0.9714861690755339,0.9714861690755339
164,1.0957909026860286,0.8472296073680301,0.8529504936647174,0.8415087210713428,0.6764780815028536,0.0914763881038041,0.9283864962401434,0.6302708831544557,0.6218162117862562,0.626043547470356,0.5244701374373751,0.6810459744952875,0.6719101885104196,0.9725408834973372,0.9725408834973372
165,1.0970510364825523,0.8097445445082396,0.8156717741208646,0.8038173148956147,0.659325744408434,0.09262570389599795,0.8883310918388565,0.6205337014111775,0.6115152558860757,0.6160244786486266,0.5265296100947219,0.6641519270645911,0.6544995617522766,0.9735475982482373,0.9735475982482373
166,1.098311170279076,0.7739876571923414,0.780141774311265,0.7678335400734179,0.6417211877640611,0.09377370027767587,0.8500792895524808,0.6104596535723475,0.6008284805518324,0.60564406706209,0.5285920935573736,0.6468236300452735,0.6366187454828486,0.9745085691930966,0.9745085691930966
167,1.0995713040755999,0.739883081483736,0.7462819046485254,0.7334842583189467,0.6237278781991056,0.09492038027472205,0.813554204770545,0.6000220341196503,0.5897325312725535,0.5948772826961019,0.5306566667838388,0.6291221418272747,0.6183336145709365,0.9754259529983365,0.9754259529983365
168,1.1008314378721236,0.7073577431196547,0.7140166185041582,0.7006988677351512,0.6055336930071699,0.09606574690262279,0.7786816414483897,0.5891759232168388,0.5781866858501515,0.5836813045334951,0.5327224102138604,0.6112340241932962,0.5998333618210435,0.9763018107608119,0.9763018107608119
169,1.1020915716686472,0.6763413360265176,0.6832734030929611,0.669409268960074,0.5873107230589648,0.09720980316651533,0.7453900860059375,0.5778898650414914,0.5661640426010105,0.572026953821251,0.5347884062402455,0.5933302831600888,0.5812911629578407,0.9771381116108078,0.9771381116108078
170,1.1033517054651711,0.6467662898207376,0.653982740572461,0.6395498390690142,0.5692334911927487,0.09835255206123458,0.7136106889110919,0.5661283487901518,0.5536343268695659,0.5598813378298589,0.5368537396744583,0.5755848510580914,0.562882131327406,0.9779367362745132,0.9779367362745132
171,1.1046118392616948,0.6185677278281378,0.6260780483567205,0.6110574072995552,0.5514831930143007,0.09949399657135952,0.6832772355441668,0.5538817153605463,0.5405931829540922,0.5472374491573192,0.5389174982048163,0.558179008782456,0.5447873772461455,0.9786994805825057,0.9786994805825057
172,1.1058719730582185,0.5916834170212635,0.5994956055789438,0.5838712284635832,0.5342405124739543,0.10063413967126117,0.6543261078071333,0.5412288016520309,0.5271230053392464,0.5341759034956387,0.5409787728464399,0.5412942636836967,0.5271867612642118,0.9794280589138952,0.9794280589138952
173,1.1071321068547424,0.566053711145269,0.5741744707348874,0.5579329515556507,0.517696958422115,0.10177298432514854,0.6266962378132075,0.5282297617266472,0.5132878682022864,0.5207588149644667,0.5430366583823257,0.5251239789624745,0.5102699378817556,0.9801241075664311,0.9801241075664311
174,1.108392240651266,0.5416214881900396,0.5500563940151778,0.5331865823649015,0.5020170838791839,0.10291053348711421,0.6003290548798312,0.5149686727289986,0.49917497482955864,0.5070718237792786,0.5450902537936664,0.5098352131769743,0.49419895458139346,0.9807891880445583,0.9807891880445583
175,1.1096523744477897,0.5183320832465981,0.5270857266903605,0.5095784398028357,0.48734053776754455,0.10404679010118155,0.5751684269270569,0.5015459699348332,0.4848869925839074,0.49321648125937034,0.5471386626804092,0.4955707929286532,0.47911028260643596,0.9814247902604425,0.9814247902604425
176,1.1109125082443136,0.4961332176860571,0.5052093291409235,0.4870571062311907,0.4737863670264064,0.1051817571013498,0.5511605972829398,0.488069457734689,0.4705330721590354,0.4793012649468622,0.5491809936689167,0.48245367193492183,0.465119062117891,0.982032335641228,0.982032335641228
177,1.1121726420408373,0.4749749254994384,0.4843764785822572,0.46557337241661967,0.4614586563342496,0.10631543741163899,0.5282541177958603,0.47471751742480345,0.45628936437956724,0.4655034409021854,0.5512163608072955,0.47059267124775433,0.4523246414207449,0.9826131801397471,0.9826131801397471
178,1.1134327758373612,0.45480947754342527,0.46453877719205694,0.4450801778947936,0.4504703762859749,0.10744783394613643,0.506399779058316,0.46163534399162465,0.44229836369799985,0.4519668538448122,0.5532438839476591,0.46010685373448995,0.44083389883745994,0.983168617145887,0.983168617145887
179,1.114692909633885,0.43559130435610616,0.4456500611321722,0.4255325475800401,0.440838952267459,0.10857894960904015,0.4855505384639271,0.4489687165248373,0.4287013923911309,0.4388350544579841,0.5552626891136124,0.4510188887214912,0.4306590158134268,0.9836998802962389,0.9836998802962389
180,1.1159530434304086,0.4172769181269915,0.4276663108133985,0.40688752544058454,0.43259402959110266,0.10970878729470498,0.4656614467370776,0.43685900985123516,0.41563358391900745,0.4262462968851213,0.557271908852841,0.44336478889260167,0.4218232702896037,0.9842081461808739,0.9842081461808739
181,1.1172131772269325,0.3998248343347113,0.41054556266009135,0.3891041060093312,0.4257471851502667,0.11083734988768634,0.4466895735013147,0.42545737173318654,0.4032371198964463,0.4143472458148164,0.5592706825741349,0.4371629840585214,0.4143313862420121,0.9846945369473169,0.9846945369473169
182,1.1184733110234562,0.3831954934995272,0.39424782257588453,0.37214316442316986,0.4202929744785807,0.11196464026278387,0.42859393238368343,0.41488459067625805,0.3916228717153056,0.40325373119578184,0.561258156867383,0.4324152889139515,0.40817066004321,0.9851601228016097,0.9851601228016097
183,1.1197334448199798,0.3673511834420511,0.3787349812741481,0.35596738560995406,0.4162416533019534,0.11309066128508652,0.4113354060942642,0.4052436922732472,0.3808825294883821,0.39306311088081464,0.5632334858068746,0.4291405115173775,0.4033427950865293,0.9856059244070083,0.9856059244070083
184,1.1209935786165037,0.3522559623806627,0.36397073160106486,0.34054119316026055,0.4135132483601867,0.1142154158100157,0.3948766718580996,0.3966228173749842,0.3710913975673809,0.38385710747118257,0.5651958312369476,0.4272652150873917,0.3997612816329818,0.9860329151818601,0.9860329151818601
185,1.1222537124130274,0.3378755831539251,0.34992048796050457,0.3258306783473456,0.4120348285914348,0.11533890668336809,0.37918212752820896,0.38909484496375063,0.36230812895500886,0.3757014869593797,0.5671443630389398,0.4267234315412318,0.3973462256416378,0.9864420234981791,0.9864420234981791
186,1.1235138462095513,0.3241774188136861,0.33655130793547733,0.3118035296918949,0.41172283305402096,0.11646113674136026,0.36421781866564906,0.38275149874445596,0.35460646115291405,0.368678979948685,0.5690782593788948,0.4274383406416985,0.39600732546634343,0.9868341347823943,0.9868341347823943
187,1.124773980006075,0.31113038978628493,0.3238318161701069,0.29842896340246294,0.41247227652345314,0.11758210881067,0.34995136682076117,0.37761603170573727,0.3479940984146491,0.36280506506019317,0.5709967069362748,0.4293108317646456,0.39563372128226065,0.9872100935212044,0.9872100935212044
188,1.1260341138025987,0.29870489277116574,0.3117321305715199,0.2856776549708116,0.41414742810963484,0.11870182570848047,0.33635189922007985,0.3737027710037102,0.34246880833459936,0.3580857896691548,0.5728989011147096,0.4322093921448958,0.39608546407437384,0.9875707051746838,0.9875707051746838
189,1.1272942475991226,0.286872731521127,0.30022379088900986,0.2735216721532442,0.4165705040509797,0.11982029024252207,0.32338998003681396,0.3710242161955664,0.33802505698382695,0.3545246365896967,0.5747840462272978,0.4359576988568545,0.3971833092451049,0.9879167379982051,0.9879167379982051
190,1.1285543813956462,0.2756070495934311,0.28927968966714923,0.2619344095197129,0.4195625779607742,0.12093750521111409,0.3110375433621938,0.3695803545670561,0.3346443438700955,0.3521123492185758,0.5766513556687807,0.44037673393146276,0.3987484219900856,0.9882489247783443,0.9882489247783443
191,1.12981451519217,0.2648822651785343,0.27887400562952375,0.25089052472754486,0.4229253221777832,0.12205347340320788,0.2992678280156895,0.36937419849691466,0.3323095183163828,0.3508418584066487,0.5785000520589795,0.445265290216316,0.4005853541392504,0.9885679644827315,0.9885679644827315
192,1.1310746489886938,0.25467400804702844,0.2689821394630487,0.24036587663100814,0.4264466786143591,0.12316819759842809,0.28805531425833647,0.3703604035952477,0.33095878877792567,0.3506595961865867,0.5803293673721706,0.4504053666890874,0.40248799053963064,0.9888745238292656,0.9888745238292656
193,1.1323347827852175,0.24495905867126133,0.25958065202155983,0.23033746532096283,0.42989842795123573,0.12428168056711356,0.2773756624917941,0.37247182057134065,0.3305108234598366,0.35149132201558864,0.5821385430406988,0.455559042543453,0.4042378133590185,0.9891692387761271,0.9891692387761271
194,1.1335949165817412,0.2357152895412371,0.2506472049238731,0.22078337415860108,0.4330043805254853,0.12539392507035985,0.26720565398453966,0.3756394472238495,0.33088318160317154,0.35326131441351055,0.5839268300382582,0.460434017283037,0.4055747437679335,0.989452715936264,0.989452715936264
195,1.134855050378265,0.22692160868873024,0.24216050352682408,0.2116827138506364,0.4356506747024899,0.12650493386005965,0.2575231336603659,0.3797731544264759,0.331975738428824,0.35587444642765,0.5856934889423372,0.4649067462432236,0.4063946031617562,0.9897255339191943,0.9897255339191943
196,1.1361151841747887,0.21855790541219822,0.2341002422352187,0.20301556858917774,0.43770403549432013,0.12761470967894323,0.24830695496023564,0.3847500961686286,0.33366159211373864,0.3592058441411836,0.5874377899752086,0.4688305396380057,0.4065775313506345,0.9899882446036059,0.9899882446036059
197,1.1373753179713124,0.21060499820244405,0.2264470521274669,0.1947629442774212,0.43908435371340665,0.12872325526061998,0.23953692679685248,0.3904036497593993,0.3357789980899863,0.3630913239246928,0.5891590130217184,0.47211300008235535,0.40605570734445795,0.9902413743428862,0.9902413743428862
198,1.1386354517678363,0.20304458483159293,0.21918245083202156,0.1869067188311643,0.4397733927437156,0.12983057332961848,0.23119376257873359,0.3965799846679977,0.3381815624701456,0.3673807735690716,0.5908564476295664,0.47472632728534975,0.4048204582020814,0.990485425107736,0.990485425107736
199,1.13989558556436,0.19585919459542844,0.2122887946347463,0.1794295945561106,0.4397581202962285,0.1309366666014259,0.22325903131151983,0.4031003049026823,0.34070627419867866,0.37190328955068047,0.5925293929831819,0.4766471213228768,0.4028691192695803,0.9907208755673641,0.9907208755673641
