,m,spdy,spdy_up,spdy_dn,epk,ret,spd_ret,cb_ret_up,cb_ret_dn,epk_ret,volatility,epk_up,epk_dn,cdf_m,cdf_ret
0,0.3852809231622268,0.07649739187092011,0.34539726153282313,-0.19240247779098293,0.6099856621272164,-0.953782540223245,0.029472985759530723,14795.223914978318,-8241.633787370718,3276.7950638038,1.252863828522781,2.7541772617363915,-1.534205937481959,0.014212164126186977,0.014212164126186977
1,0.40195251839509655,0.0845286035251936,0.40681006295339334,-0.23775285590300616,0.5581423879686964,-0.9114213107840917,0.033976485063372204,10788.045004009453,-6304.87970403833,2241.5826499855616,1.2236419238151126,2.686166936601862,-1.5698821606644695,0.015550428453073972,0.015550428453073972
2,0.4186241136279663,0.09381695797178924,0.4753657357608177,-0.2877318198172392,0.5240763065508114,-0.8707818652113863,0.039274040874212435,7912.879203577643,-4789.548261393744,1561.66547109195,1.195253720394609,2.6554678860217478,-1.6073152729201248,0.01703355375928184,0.01703355375928184
3,0.4352957088608361,0.1045048840625674,0.5512189715952213,-0.34220920347008643,0.5038793192647021,-0.8317296883616634,0.04549052758743477,5839.784669141579,-3625.4703902522338,1107.1571394446723,1.16768930756463,2.6577498522164835,-1.6499912136870791,0.018683745615630243,0.018683745615630243
4,0.45196730409370584,0.1167511221587586,0.6344816924825316,-0.4009794481650144,0.4949034282182916,-0.7941454378421581,0.052767689932009046,4337.719278786815,-2741.349834535326,798.1847221257448,1.1409387264344528,2.6895430120522583,-1.699736155615675,0.020525721159967203,0.020525721159967203
5,0.46863889932657565,0.13073206130941423,0.7252255486019499,-0.46376142598312137,0.495100591212247,-0.757922744559928,0.06126612931873829,3243.94063688998,-2074.409179970038,584.7657284599707,1.1149919740825354,2.7465305318275055,-1.7563293494030114,0.022586993226318297,0.022586993226318297
6,0.48531049455944536,0.146642734892235,0.8234841730547272,-0.5301987032702572,0.5027898196941551,-0.7229663979141046,0.0711672581941002,2443.2959847909797,-1573.1114273103483,435.0922787403159,1.089839007726064,2.823457017461155,-1.817877378072845,0.024898173874200902,0.024898173874200902
7,0.5019820897923152,0.164697371373306,0.9292549810567743,-0.5998602383101623,0.5164196940579432,-0.6891908376314237,0.08267513066527317,1853.9943652504817,-1196.8055317821368,328.5944167341725,1.0654697488894744,2.9137415431570064,-1.88090215504112,0.027493290744361243,0.027493290744361243
8,0.5186536850251849,0.18512936390334828,1.0425003116871285,-0.6722415838804321,0.5344341175658297,-0.6565188920968886,0.09601802679484003,1417.7351220056778,-914.2064450778252,251.7643384639264,1.0418740875632326,3.009504934233376,-1.9406366991017172,0.03041010766364005,0.03041010766364005
9,0.5353252802580546,0.20819048841986124,1.1631477172153248,-0.7467667403756023,0.5552724130589776,-0.6248807163611941,0.11144963156042348,1092.8145181186467,-701.6112600765413,195.6016290210528,1.0190418863441124,3.1022735216398085,-1.9917286955218532,0.033690438357930286,0.033690438357930286
10,0.5519968754909245,0.23414916628956028,1.2910892090662003,-0.8227908764870797,0.5775135062868406,-0.5942128930635897,0.12924960819064218,849.291013674772,-541.2398249687764,154.02559435299787,0.9969629845497946,3.1843865509854234,-2.0293595384117418,0.037380439002721366,0.037380439002721366
11,0.5686684707237942,0.26328753674170247,1.4261792726913913,-0.8996041992079864,0.6000758771608674,-0.5644576671702531,0.1497233208795387,665.5836182895188,-419.8362922547267,122.873663017396,0.9756272022998005,3.2504986321799594,-2.050346877858224,0.04153086167168607,0.04153086167168607
12,0.585340065956664,0.2958970799665084,1.5682314691572206,-0.9764373092242038,0.6225467841342409,-0.5355622913174668,0.17320041630398028,526.0722701713414,-327.55151394814607,99.26037811159763,0.9550243445525626,3.299449450506398,-2.0543558822379158,0.04619724661337066,0.04619724661337066
13,0.6020116611895338,0.3322725185564923,1.7170134536426727,-1.052468416529688,0.6454080928488337,-0.5074784631141926,0.20003193086382412,419.4009273367345,-257.07790987235717,81.16150873218866,0.9351442050941691,3.3351370234457023,-2.044320837748035,0.051440026840190445,0.051440026840190445
14,0.6186832564224035,0.37270372902108195,1.8722402656262809,-1.126832807584117,0.6697834961749648,-0.4801618393256889,0.23058555675153605,337.27456636262207,-202.993202057845,67.14068215238855,0.9159765704691426,3.3645910495298077,-2.0250240571798783,0.05732451399085825,0.05732451399085825
15,0.6353548516552733,0.4174654235753259,2.0335657890768277,-1.198634941926176,0.6973094551895901,-0.45357161466766943,0.265238682266907,273.6040131687839,-161.26910287186385,56.16745514846001,0.8975112238460851,3.396747544572367,-2.002128634193187,0.06392073017505517,0.06392073017505517
16,0.652026446888143,0.4668044232165807,2.2005723505821293,-1.2669635041489677,0.7299064424624613,-0.42767015516625284,0.3043688294615761,223.83230405712297,-128.86981889731135,47.48124257990582,0.8797379488126638,3.4408670010597406,-1.9810541161348179,0.07130304700247836,0.07130304700247836
17,0.6686980421210128,0.520924444210075,2.3727585260730315,-1.3309096376528813,0.76958910870915,-0.4024226778149116,0.3483411559362539,184.6303013630215,-103.56142219557574,40.53443958372287,0.8626465330913722,3.505401099062619,-1.9662228816443184,0.07954959084645108,0.07954959084645108
18,0.6853696373538826,0.5799684683334206,2.54952536888647,-1.3895884322196288,0.8183353694488129,-0.37779696968556964,0.3974927788183632,153.63726132904316,-83.73815915155511,34.94955108874402,0.8462267721710469,3.597379682833705,-1.9607089439360794,0.08874137332606225,0.08874137332606225
19,0.7020412325867523,0.643998966805919,2.7301614565874246,-1.4421635229755865,0.877987096760918,-0.35376314080264554,0.4521138284410223,128.9627504960547,-68.12248196503549,30.420134265509606,0.8304684728478122,3.722127914034599,-1.9661537205127626,0.09896110883759557,0.09896110883759557
20,0.7187128278196221,0.7129764983987138,2.913827380532892,-1.4878743837354644,0.9503788694938191,-0.3302934060241672,0.5124253553330719,109.18351425740916,-55.75187983857341,26.71581720941787,0.8153614566697788,3.8840550537506773,-1.9832973147630393,0.1102916875834985,0.1102916875834985
21,0.7353844230524919,0.7867374967740275,3.099540563252491,-1.5260655697044359,1.0364110063277752,-0.30736189193775953,0.5785545001589298,93.22162180086488,-45.89786920969537,23.66187629558476,0.8008955632803189,4.0831890782968,-2.01036706564125,0.12281428373440095,0.12281428373440095
22,0.7520560182853616,0.8649723848995473,3.2861615689648795,-1.5562167991657851,1.1364048205584798,-0.2849444654059715,0.6505076877143467,80.25576056803087,-38.00645835717015,21.124651105430356,0.7870606536552056,4.317374650682516,-2.044565009565557,0.13660609472358698,0.13660609472358698
23,0.7687276135182315,0.9472054794810341,3.4723833467419425,-1.5779723877798746,1.2495717435023743,-0.26301858091211383,0.7281430077528475,69.65634642855052,-31.654279013005137,19.00103370777269,0.7738466132292522,4.580835105677636,-2.0816916186728878,0.15173772947331243,0.15173772947331243
24,0.7853992087511011,1.0327784391963144,3.6567250789406276,-1.5911682005479988,1.373599280844131,-0.2415631442857672,0.8111433689599825,60.93781610597944,-26.516162168463225,17.210826968758106,0.7612433549086925,4.863458364396371,-2.116259802708109,0.1682702903228186,0.1682702903228186
25,0.8020708039839709,1.1208392212746474,3.837532455994568,-1.5958540134452732,1.504400934558377,-0.22055839074315892,0.8989924153445243,53.7233701727021,-22.341089460230503,15.691140356235797,0.7492408219655027,5.150772121117348,-2.141970252000594,0.1862522246101117,0.1862522246101117
26,0.8187423992168408,1.210338590180802,4.0129862139621455,-1.5923090336005414,1.6362367623373322,-0.19998577547504484,0.9909555211893584,47.71877830796134,-18.934289260148738,14.392244523906301,0.7378289908110912,5.425089824705087,-2.152616300030423,0.20571605547816718,0.20571605547816718
27,0.8354139944497105,1.3000361188741114,4.181120605953119,-1.581048368204896,1.7623811253271038,-0.1798278752641713,1.0860683669975202,42.692810582393186,-16.14385349450747,13.274478543942857,0.7269978736465258,5.668094856494943,-2.143332605840736,0.22667513489238522,0.22667513489238522
28,0.8520855896825803,1.3885172953422869,4.3398530948507545,-1.5628185041661813,1.8761506045467475,-0.16006829982440487,1.183135578386194,38.46253575001015,-13.850690627890081,12.305922561060033,0.7167375209874267,5.863965853980348,-2.1116646448868535,0.24912059164754952,0.24912059164754952
29,0.8687571849154498,1.4742227718352896,4.4870259337285265,-1.5385803900579473,1.9725507610056505,-0.1406916117310616,1.2807416251978778,34.88221123360042,-11.960948512120574,11.460631360739926,0.7070380240618238,6.003764552632468,-2.058663030621167,0.2730186693398353,0.2730186693398353
30,0.8854287801483198,1.5554899772192279,4.620459452025493,-1.5094794975870376,2.049427351159483,-0.12168325396241467,1.3772755930621587,31.834836664200044,-10.400271607745937,10.717282528227052,0.6978895170799112,6.087661196527155,-1.9888064942081898,0.2983086597647302,0.2983086597647302
31,0.9021003753811896,1.630606296341559,4.7380158356375155,-1.476803242954397,2.107192064246272,-0.10302948420036485,1.4709705520286518,29.225693543158894,-9.109424809746555,10.05813436670617,0.6892821793750162,6.122820322433758,-1.9084361939412138,0.32490163226348945,0.32490163226348945
32,0.9187719706140594,1.6978718858520088,4.837671062001283,-1.441927290297265,2.148384083394374,-0.08471731514748206,1.5599570984144593,26.97737612952358,-8.040938369563694,9.468218879979943,0.6812062374155222,6.1212954857814355,-1.8245273189926872,0.352680136509542,0.352680136509542
33,0.9354435658469291,1.75566906084089,4.917591545766617,-1.4062534240848363,2.1766423440150655,-0.06673446021116536,1.6423293267201313,25.025953067238714,-7.156517954828343,8.934717556205186,0.6736519666880417,6.096728721732693,-1.743444033702562,0.3814990141121526,0.3814990141121526
34,0.9521151610797989,1.8025341923633167,4.976211108197982,-1.3711427234713491,2.1956419565883984,-0.04906928398595515,1.7162201329138445,23.317999741173672,-6.425030002916234,8.446484869128719,0.666609693452439,6.061453891021953,-1.6701699778451569,0.41118739441054897,0.41118739441054897
35,0.9687867563126686,1.8372273491587294,5.01230324911228,-1.337848550794821,2.2082575868777186,-0.0317107570341857,1.7798815242004082,21.808317721128603,-5.82092200100867,7.9936978600599655,0.6600697963697869,6.024543822871079,-1.6080286491156421,0.4415518755623644,0.4415518755623644
36,0.9854583515455384,1.8587946260070478,5.025043498978802,-1.3074542469647066,2.2160319023659794,-0.014648414524871149,1.831764688006611,20.45821625055964,-5.32297515982745,7.567620545366097,0.6540227080047771,5.990794544330456,-1.5587307395984973,0.47238080943979843,0.47238080943979843
37,1.0021299467784082,1.8666183116965462,5.014056941488094,-1.2808203180950013,2.2191881770779442,0.002127681657589685,1.870594109356062,19.234274756257037,-4.913316741138628,7.160479007559206,0.6484589162043894,5.961120071533349,-1.5227437173774607,0.5034495256790399,0.5034495256790399
38,1.018801542011278,1.8604507841167932,4.979446840064655,-1.2585452718310688,2.2156330236335204,0.018626977678436747,1.89543012769428,18.107534989604343,-4.576643405914197,6.765445791845072,0.6433689653550936,5.930082618934916,-1.498816571667875,0.5345262551297576,0.5345262551297576
39,1.0354731372441477,1.8404292275299177,4.921801617789291,-1.240943162729456,2.2021918415745048,0.03485845969580722,1.9057150261062272,17.053084227114105,-4.299626421064894,6.376728903024604,0.6387434575211816,5.889251923634528,-1.4848682404855187,0.5653784543145968,0.5653784543145968
40,1.0521447324770175,1.8070698250988566,4.842179099699677,-1.2280394495019635,2.1748138197800277,0.05083068325268465,1.9012989976959271,16.049967731898974,-4.070480073574304,5.989743829162335,0.6345730534671413,5.827576708775365,-1.4779490692153099,0.5957791972459685,0.5957791972459685
41,1.0688163277098872,1.7612418099067215,4.7420687447400045,-1.2195851249265617,2.129384322173464,0.06655180035822694,1.8824440034736174,15.081233353432081,-3.8786548347266794,5.6012892593527015,0.6308484735673328,5.733276818049735,-1.4745081737028067,0.6255132934163039,0.6255132934163039
42,1.085487922942757,1.7041234527079394,4.623334359113541,-1.2150874536976624,2.0627687935599925,0.08202958447308006,1.8498054271179807,14.134596627397011,-3.7148018488371712,5.20989738927992,0.627560498606446,5.59634915124167,-1.4708115641216846,0.6543828120704736,0.6543828120704736
43,1.1021595181756267,1.6371435213419523,4.488141286386619,-1.2138542437027144,1.9738413254859166,0.09727145359038407,1.8043933146665951,13.202701599271393,-3.570777821372636,4.815961888949379,0.6246999704746254,5.411180284565329,-1.4634976335934962,0.6822117406113619,0.6822117406113619
44,1.1188311134084965,1.5619127985366308,4.338873143677317,-1.215047546604055,1.864125787296426,0.11228449158402871,1.7475166354337193,12.283125195018902,-3.4397366870673647,4.421694253975769,0.6222577927612337,5.178397489613188,-1.450145915020335,0.7088495736963806,0.7088495736963806
45,1.1355027086413663,1.4801507870292017,4.178043712653532,-1.2177421385951293,1.7375946508702615,0.12707546797795047,1.6807152278693085,11.378015614295172,-3.31626235148238,4.030876631406396,0.6202249312515697,4.9047343485726085,-1.429545046832086,0.7341737114997373,0.7341737114997373
46,1.152174303874236,1.3936127339564781,4.008209570809634,-1.2209841028966777,1.600307356226425,0.14165085627457039,1.605684781616576,10.493242285591139,-3.196460113227568,3.648391086181786,0.6185924143310156,4.602689904571536,-1.4020751921186854,0.7580906318840479,0.7580906318840479
47,1.1688458991071058,1.3040216150566597,3.8318885104209244,-1.2238452803076052,1.4589848753706844,0.15601685096658224,1.5242003171060017,9.637124824887808,-3.077946996787392,3.279588914050208,0.6173513333012648,4.287250545741848,-1.3692807950004793,0.7805358831471727,0.7805358831471727
48,1.1855174943399756,1.2130088388572269,3.6514878494532663,-1.2254701717388123,1.3195951547314415,0.17017938334398566,1.4380431992542628,8.81894302047947,-2.9597117841922853,2.9296156181435924,0.6164928426134353,3.972341766477767,-1.3331514570148837,0.8014730141857939,0.8014730141857939
49,1.2021890895728453,1.1220663053952373,3.469245539262055,-1.2251129284715803,1.1867620462729964,0.18414413619731895,1.3489358701234666,8.04749948452746,-2.841855829685697,2.6028218274208825,0.6160081600230715,3.6692741911966307,-1.295750098650638,0.8208916120703162,0.8208916120703162
50,1.218860684805715,1.0325112389578333,3.2871856792869085,-1.2221632013712418,1.0635175309342528,0.19791655750831275,1.258487355785742,7.329982445798463,-2.7252597467799315,2.3023613495092663,0.6158885666720157,3.38589979987658,-1.2588647380080744,0.838804650418108,0.838804650418108
51,1.2355322800385848,0.945464053494291,3.1070888079083603,-1.2161607009197781,0.9514319751051549,0.21150187321051006,1.1681513577083238,6.671275260976615,-2.6112362082369516,2.0300195263698315,0.616125407102366,3.1267012536434025,-1.2238373034330923,0.8552453653692603,0.8552453653692603
52,1.2522038752714546,0.8618385158522957,2.9304762688598633,-1.206799237155272,0.850937543230135,0.22490509909465206,1.0791975294084435,6.073731319577257,-2.501222890299553,1.7862542146388518,0.6167100892077382,2.893410112046088,-1.1915350255858177,0.8702638713481483,0.8702638713481483
53,1.2688754705043244,0.7823427182172354,2.7586071301888424,-1.1939216937543717,0.7616969704783109,0.2381310519267037,0.9926954846735266,5.537329254890045,-2.396549131815441,1.570390061537302,0.6176340841270775,2.685808463320107,-1.1624145223634854,0.8839237096139685,0.8839237096139685
54,1.2855470657371941,0.7074888869162022,2.5924855902876844,-1.1775078164552801,0.6829834656834393,0.25118435984019083,0.9095102626167972,5.060071279234974,-2.2982860562240846,1.3808926115054447,0.6188889260863565,2.5026891954541464,-1.1367222640872678,0.8962984931792582,0.8962984931792582
55,1.302218660970064,0.6376098324236456,2.4328765369482652,-1.157656872100974,0.6136344165929885,0.2640694720589568,0.8303074222000665,4.638486029807151,-2.2071712834578583,1.2156573731746463,0.6204662121934441,2.341395471770418,-1.114126638584441,0.9074687764835204,0.9074687764835204
56,1.3188902562029337,0.572879849312255,2.2803268957309473,-1.1345671971064375,0.5525074083447034,0.2767906680014503,0.7555656512329381,4.268128101813544,-2.123589449579149,1.0722693261171976,0.6223576021914545,2.199235153499536,-1.0942203368101298,0.9175192413406354,0.9175192413406354
57,1.3355618514358034,0.5133380526655591,2.1351905605498436,-1.1085144552187252,0.4984671425387446,0.2893520658131612,0.6855947200304641,3.944008179193478,-2.047587769876147,0.9482102046586653,0.6245548181758781,2.073336141683596,-1.0764018566061064,0.9265362554683012,0.9265362554683012
58,1.3522334466686732,0.458912430812535,1.9976549830168138,-1.0798301213917438,0.45043789256205036,0.30175763036977277,0.6205567380367333,3.6609253494005682,-1.9789090198545338,0.8410081647730174,0.6270496442807285,1.960765148642807,-1.0598893635187063,0.9346058287514292,0.9346058287514292
59,1.3689050419015427,0.409443247645233,1.8677678507640791,-1.0488813554736132,0.40743988884238536,0.3140111807899465,0.5604889260741014,3.413700153353422,-1.9170297007548638,0.748335226299279,0.6298339263387948,1.8586290771073546,-1.0437492994225839,0.9418119667259061,0.9418119667259061
60,1.3855766371344127,0.36470479437994224,1.7454626600261343,-1.0160530712662499,0.3686217471459206,0.3261163974933602,0.5053264425437578,3.1973227019810637,-1.861196819374253,0.6680629413034053,0.6328995715212685,1.7642090403848711,-1.02696554609303,0.9482354011739343,0.9482354011739343
61,1.4022482323672825,0.32442483522663035,1.6305823471020844,-0.9817326766488237,0.33329242687690913,0.33807682883663076,0.45492415173258927,3.0070373135834463,-1.8104616402193547,0.5982878366820458,0.636238547961607,1.6751514948251731,-1.0085666410713547,0.9539526640938545,0.9539526640938545
62,1.4189198276001522,0.28830139108465286,1.5229004620873816,-0.946297679918076,0.30094150062853653,0.3498958973570654,0.4090765601347197,2.838386687786471,-1.7637126025171392,0.5373370426346661,0.6398428843686006,1.58966957684189,-0.987786575584817,0.9590354630619552,0.9590354630619552
63,1.435591422833022,0.2560167482084574,1.4221396328279898,-0.910106136411075,0.2712629421844259,0.3615769056517214,0.36753544782966285,2.6872370148159543,-1.7197122144129056,0.4837624002015243,0.6437046696334758,1.5068302511361087,-0.9643043667672567,0.9635503122732623,0.9635503122732623
64,1.4522630180658918,0.22724876182382392,1.327987272944391,-0.8734897492967431,0.24414049977158703,0.3731230419170462,0.3300249726980035,2.549818800460035,-1.6771550677799478,0.43633186634004356,0.647816052435684,1.4266985391027156,-0.9384175395595415,0.9675583733474832,0.9675583733474832
65,1.4689346132987615,0.20167965134661728,1.24010863713601,-0.8367493344427754,0.21958089605377148,0.3845373851723418,0.2962542206610723,2.42269244584527,-1.6346844388587516,0.39400400349325937,0.6521692408518956,1.3501816565437736,-0.9110198644362307,0.9711154623394903,0.9711154623394903
66,1.4856062085316313,0.17900256153463442,1.1581574262492655,-0.8001523031799966,0.19764744407703175,0.395822910188466,0.2659273167589183,2.3028605094439585,-1.5910092175476498,0.35592564594815435,0.6567565019726115,1.278790946758103,-0.8834960586040393,0.9742721834207039,0.9742721834207039
67,1.502277803764501,0.15892620186215334,1.0817842023246211,-0.7639317986003145,0.17839410320687893,0.4069824921415072,0.23875130549410947,2.1878741739876033,-1.5450277876621998,0.3214231931627017,0.6615701615307165,1.2142989662866084,-0.8575107598728505,0.9770741546596908,0.9770741546596908
68,1.5189493989973708,0.14117788426483613,1.0106428992192322,-0.72828713068956,0.1618203841432515,0.4180189110096467,0.2144420624557932,2.075862527006284,-1.4959032163262995,0.28997965533999215,0.6666026035458833,1.1584153072907322,-0.8347745390042293,0.9795622966488904,0.9795622966488904
69,1.5356209942302406,0.12550526609220095,0.9443957161423423,-0.6933851839579405,0.14785458372267463,0.4289348557300283,0.1927285214976365,1.9655843868135863,-1.4431525560098715,0.26121591540185757,0.6718462699889107,1.1125687377701214,-0.8168595703247722,0.9817731599764747,0.9817731599764747
70,1.5522925894631103,0.11167707827770178,0.8827166671262822,-0.6593625105708786,0.13636525253042867,0.43973292813118675,0.17335550102336816,1.8564410407151692,-1.386705010700396,0.23486801500738683,0.677293660469754,1.0778566477730651,-0.8051261427122076,0.9837392724436822,0.9837392724436822
71,1.56896418469598,0.09948308452190313,0.8252940353020446,-0.6263278662582383,0.12719496840117625,0.45041564665542,0.156085396597949,1.7484333368551326,-1.3269119541939502,0.21076069133059122,0.6829373319525135,1.0551869118896378,-0.8007969750872853,0.9854894913086946,0.9854894913086946
72,1.5856357799288499,0.08873348028918449,0.7718319516460597,-0.5943649910676907,0.12011695426138458,0.4609854498844285,0.14069898122414226,1.6420590317546755,-1.2645011646123798,0.18877893357114778,0.6887698985013022,1.0448153609122572,-0.804581452389488,0.9870493496175634,0.9870493496175634
73,1.6023073751617196,0.07925790387772462,0.7220512870493746,-0.5635354792939254,0.11493490369291179,0.4714446998805684,0.12699552392313682,1.5381621034769706,-1.2004810929107501,0.16884050528311018,0.6947840310595498,1.0470740592180465,-0.8172042518322231,0.9884413888443194,0.9884413888443194
74,1.6189789703945894,0.07090419782123432,0.6756900165380979,-0.5338816208956292,0.11147302025094147,0.4817956853551699,0.11479240518527623,1.4377587631660256,-1.1360134975335885,0.15087263281621852,0.7009724572664058,1.062295452334322,-0.839349411832439,0.9896854726341002,0.9896854726341002
75,1.6356505656274591,0.0635370286055327,0.6325031866394349,-0.5054291294283696,0.10958578991676839,0.4920406246745527,0.10392437677692762,1.3418699307001702,-1.0722794212047504,0.13479525474770984,0.7073279613124437,1.090912855920366,-0.8717412760868293,0.9907990784783102,0.9907990784783102
76,1.652322160860329,0.057036446651117914,0.5922625920954391,-0.4781896987932032,0.10916401261894705,0.5021816687136134,0.09424258477837003,1.2513855573438624,-1.0103621108726013,0.12051172323563049,0.71384338383771,1.1335517002437525,-0.9152236750058584,0.9917975657176682,0.9917975657176682
77,1.6689937560931987,0.05129644678171928,0.5547562466266921,-0.4521633530632535,0.11013935914574564,0.5122209035661685,0.08561344938845654,1.166975204778333,-0.9511626497994615,0.10790627748943582,0.7205116218743137,1.1911253375026691,-0.9708466192111779,0.9926944194389627,0.9926944194389627
78,1.6856653513260684,0.04622357172734703,0.5197877142657238,-0.4273405708110298,0.1124895474093216,0.5221603531205936,0.07791747327532415,1.0890467534792851,-0.8953537155628494,0.09684651895821786,0.7273256288360371,1.2649538437135597,-1.0399747488949165,0.9935014706748072,0.9935014706748072
79,1.7023369465589382,0.041735587188430213,0.48717535267520806,-0.4037041782983476,0.11622515339727918,0.5320019815087171,0.07104803205719663,1.0177454070191678,-0.8433679392879909,0.08718873386558837,0.7342784145563791,1.3566846403863748,-1.1242343335918163,0.9942290938968864,0.9942290938968864
80,1.719008541791808,0.03776024612610247,0.4567515075280138,-0.3812310152758089,0.12143591922665463,0.5417476954353753,0.06491018563093118,0.9529803156327792,-0.7954120507073809,0.07878413246269914,0.7413630453778516,1.468900361231562,-1.226028522778253,0.9948863831689019,0.9948863831689019
81,1.7356801370246777,0.03423415173825335,0.42836168707113975,-0.3598933835946331,0.1283039966839679,0.5513993463955447,0.05941953717997519,0.8944658333598028,-0.7514965623529057,0.07148463550344858,0.7485726442930608,1.6054294815811472,-1.3488214882132117,0.9954813085438922,0.9954813085438922
82,1.7523517322575475,0.03110172255048297,0.4018637380659241,-0.33966029296495814,0.13710766388080523,0.5609587327854978,0.05450115738753246,0.8417670197822165,-0.7114720873386298,0.06514746622179336,0.7559003911397947,1.771560987826093,-1.4973456600644823,0.9960208543920981,0.9960208543920981
83,1.7690233274904172,0.02831425876180049,0.3771270380234755,-0.32049852049987454,0.14826083437610413,0.5704276019140025,0.050088584250225006,0.7943427136855884,-0.6750660621958349,0.059638325744876736,0.7633395228508982,1.9747354078215589,-1.6782137390693506,0.9965111413622386,0.9965111413622386
84,1.785694922723287,0.025829106059118354,0.35403171372093856,-0.3023735016027018,0.16235918712903033,0.5798076519191941,0.04612290354824893,0.7515830543646339,-0.6419165037644688,0.05483327530008258,0.7708833337603446,2.2254080774637224,-1.9006897032056613,0.9969575336367927,0.9969575336367927
85,1.8023665179561568,0.023608911234514852,0.332467892122438,-0.28525006965340827,0.1802473899848237,0.5891005335963756,0.04255191113448852,0.7128410496216995,-0.6116017933590867,0.05061962813130639,0.7785251759655101,2.5382987471788354,-2.177803967209188,0.9973647330604485,0.9973647330604485
86,1.8190381131890265,0.021620962843502352,0.3123349867873923,-0.2690930611003876,0.20311912448287314,0.598307852141671,0.03932935545617457,0.6774594942297342,-0.5836670779309513,0.046896208149391445,0.7862584597478605,2.9342453211185537,-2.5280070721528074,0.9977368616154313,0.9977368616154313
87,1.8357097084218963,0.01983660962105307,0.293541020443633,-0.2538678012015269,0.23262380774048427,0.6074311688161356,0.03641425686354232,0.6447952666507798,-0.557648659537922,0.043573303556428966,0.7940766540501986,3.442353870348546,-2.977106254867578,0.9980775335989359,0.9980775335989359
88,1.852381303654766,0.018230749259625378,0.2760019824778893,-0.23954048395863858,0.27095457843583654,0.616472002534638,0.03377029908014802,0.6142420931016697,-0.5330970702760377,0.040572511412816,0.8019732870131071,4.10208048746365,-3.5601713305919773,0.9983899187347733,0.9983899187347733
89,1.8690528988876358,0.01678138032139897,0.2596412185160483,-0.22607845787325037,0.321659111055197,0.6254318313835612,0.03136528753704667,0.5852488909260459,-0.5095961553747386,0.037826367775653735,0.8099419465690134,4.976704057810068,-4.333385835699673,0.9986767973287876,0.9986767973287876
90,1.8857244941205056,0.015469210408853865,0.2443888479756507,-0.213450427157943,0.3897393560642842,0.6343120940711117,0.029170668972679614,0.5573568735305251,-0.4867982468101792,0.03527931336017293,0.8179762810941327,6.157260113600033,-5.3777814014714655,0.9989406084598137,0.9989406084598137
91,1.9023960893533753,0.014277314180966602,0.2301812044064045,-0.20162657604447126,0.4826491636008804,0.6431141913137979,0.027161106664340354,0.5302163150084486,-0.4644414839767681,0.03288741551584023,0.8260700001182162,7.781349095161044,-6.8160507679592826,0.9991834920870514,0.9991834920870514
92,1.919067684586245,0.013190835324345746,0.21696029260897834,-0.19057862196028683,0.611697045519831,0.6518394871624205,0.025314105803650643,0.5035996915766878,-0.44236359605803255,0.030618047759327634,0.8342168750916451,10.06107397452576,-8.837679883486098,0.9994073258522115,0.9994073258522115
93,1.9357392798191149,0.012196727131793896,0.20467325597051053,-0.18027980170692273,0.7943672549475541,0.6604893102707119,0.023609683794248975,0.4774069896507563,-0.42050846858144386,0.028449260534656177,0.8424107402085598,13.330275470593348,-11.74154096069824,0.9996137572611662,0.9996137572611662
94,1.9524108750519846,0.011283526879722278,0.19327184729794458,-0.17070479353850002,1.0582341829551134,0.6690649551095775,0.022030080588911163,0.45165872813463936,-0.39892157608049666,0.02636857602707137,0.8506454932854098,18.12614775448648,-16.009679388576256,0.9998042318453725,0.9998042318453725
95,1.9690824702848546,0.010441159713699459,0.18271189680819241,-0.16182957738079348,1.4476976469198197,0.6775676831297136,0.020559504561690038,0.42647642341975245,-0.3777340204471914,0.024371201486280525,0.8589150966949576,25.333544388409386,-22.438149094569745,0.9999800178277436,0.9999800178277436
96,1.9857540655177242,0.009660768236638887,0.1729527720347193,-0.1536312355614415,2.029565168525819,0.6859987238752123,0.019183909801930167,0.4020531153090973,-0.3571374782814338,0.022457818513831742,0.8672135783522607,36.3344729242544,-32.275342587202765,1.000142227750199,1.000142227750199
97,2.002425660750594,0.00893456444269883,0.16395682647301665,-0.146087697587619,2.920498723811628,0.6943592760506162,0.017890801107689966,0.3786189090963082,-0.33735444801451203,0.020632230540898043,0.8755350327529132,53.59362569329788,-47.75262824567462,1.000291837460823,1.000291837460823
98,2.0190972559834637,0.008255701047334345,0.1556888369573226,-0.13917743486265394,4.320032395858944,0.7026505085437318,0.016669063330892585,0.35640737587301563,-0.3186089979831595,0.018899188944928078,0.8838736220624024,81.46865002414327,-72.8285852324254,1.0004297028060913,1.0004297028060913
99,2.0357688512163334,0.007618159631748721,0.14811543411777028,-0.13287911485427284,6.571843852643318,0.7108735614063917,0.01550881208190774,0.33562784416202346,-0.3011025226259444,0.017262660768039537,0.8922235772523139,127.77252673097722,-114.62883902569058,1.00055657432774,1.00055657432774
100,2.052440446449203,0.007016653347682791,0.1412045356573969,-0.12717122896203134,10.285233709159153,0.7190295467952182,0.014401263129497363,0.3164465917577589,-0.2849972331789777,0.015724679289390617,0.9005791992844028,206.98210073456815,-186.4116333162499,1.0006731102237267,1.0006731102237267
101,2.069112041682073,0.006446542220369683,0.13492479814546474,-0.12203171370472536,16.56487551764251,0.7271195498743338,0.013338618135378798,0.29897758025816673,-0.27040801231261674,0.014284783972775005,0.9089348603388032,346.69942569529894,-313.5696746600139,1.0007798877978389,1.0007798877978389
102,2.0857836369149427,0.005903759344038481,0.12924510870533354,-0.11743759001725658,27.45960361508665,0.7351446296818468,0.012313964636079158,0.2832814590123581,-0.2574015541186258,0.012939952446866155,0.9172850050839458,601.1456848797513,-546.226477649578,1.0008774135919838,1.0008774135919838
103,2.1024552321478125,0.005384746490334761,0.12413414222058801,-0.1133646492399185,46.85770631982274,0.743105819961847,0.011321188432393887,0.2693705050651513,-0.24600075592439147,0.011684874570379939,0.9256241519871525,1080.2070609778716,-986.4916483382264,1.0009661323688654,1.0009661323688654
104,2.1191268273806823,0.004886397847972383,0.11956001117195107,-0.1097872154760063,82.06596827302552,0.7510041299635418,0.01035489676889351,0.2572169498834646,-0.23619212163106568,0.010512414126199443,0.9339468946622159,2007.9838745900183,-1843.851938043967,1.0010464350898847,1.0010464350898847
105,2.135798422613552,0.004406010784230883,0.11549003280387049,-0.10667801123540874,146.43252122603624,0.7588405452090813,0.009410350882978619,0.24676250722136117,-0.22793424574173102,0.009414130739815074,0.942247903250847,3838.278549039111,-3545.4135065870387,1.0011186660132259,1.0011186660132259
106,2.1524700178464222,0.003941242669463883,0.1118906314920591,-0.10400814615313134,267.83861406340685,0.7666160282315303,0.008483406679078005,0.23792753807925113,-0.22116598882684585,0.008380774626202625,0.9505219258369734,7603.853448990759,-7068.176220863946,1.0011831290201112,1.0011831290201112
107,2.169141613079292,0.003490072935878529,0.10872738334255028,-0.10174723747079323,501.45553316477896,0.7743315192843706,0.007570462437895933,0.23061891959867564,-0.21581350765829838,0.007402705970188626,0.9587637898897533,15622.008188755937,-14619.097122426381,1.0012400932622119,1.0012400932622119
108,2.1858132083121617,0.003050769655729903,0.10596519671896173,-0.09986365740750192,958.9140497169717,0.7819879370238428,0.006668412609012369,0.2247361902423546,-0.21179574619157632,0.00647022202538913,0.9669684037308705,33306.84626549571,-31389.018166061764,1.001289798210598,1.001289798210598
109,2.2024848035450315,0.002621860021888521,0.1035686088623234,-0.09832488881854635,1866.8419391652699,0.7895861791653627,0.005774606855231712,0.22017588594666815,-0.2090282928779066,0.005573796534380772,0.9751307580266843,73743.91500348758,-70010.23112515704,1.0013324581756529,1.0013324581756529
110,2.2191563987779013,0.002202104198415264,0.10150216759316888,-0.09709795919633835,3681.390399579698,0.797127123115188,0.004886813622688915,0.21683418247175387,-0.20742568460607624,0.004704248932838809,0.9832459272966619,169687.29526192768,-162324.51446276825,1.00136826635758,1.00136826635758
111,2.235827994010771,0.001790472082707274,0.09973086034578306,-0.09614991618036851,7291.73964456579,0.804611626578446,0.004003187605011692,0.21460806372546343,-0.2069023296028047,0.003852867061329359,0.9913090714399295,406156.27308213833,-391572.7937930068,1.0013973984793765,1.0013973984793765
112,2.252499589243641,0.0013861225840341588,0.09822055146740323,-0.09544830629933491,14286.854216187323,0.812040528144575,0.0031222405511782767,0.21339793176438704,-0.2073748400959807,0.0030115458342031805,0.9993154372723085,1012365.5122653515,-983791.8038329768,1.0014200160467908,1.0014200160467908
113,2.2691711844765106,0.0009883850780009029,0.0969383925747376,-0.09496162241873579,26293.175009162853,0.8194146478511809,0.002242814938166217,0.21310027022851316,-0.20875472412201188,0.002172773053250647,1.0072603600718932,2578770.33739696,-2526183.9873786336,1.0014362692738898,1.0014362692738898
114,2.2858427797093803,0.0005967427435610734,0.09585317847155823,-0.09465969298443609,42237.948628574384,0.8267347877272548,0.001364060091713046,0.21360816647659586,-0.210948492059057,0.0013298372087694227,1.0151392651304845,6784567.842428891,-6700091.945171743,1.0014462997075313,1.0014462997075313
115,2.30251437494225,0.00021081753121015862,0.09493563081149621,-0.09451399574907589,41138.87812427521,0.8340017323166528,0.00048541039610122666,0.21481440192043125,-0.21386035249780355,0.00047702471131384847,1.0229476693033586,18525714.26667543,-18443436.510426883,1.0014502425798057,1.0014502425798057
116,2.3191859701751194,-0.0001696434556194512,0.09415860148643283,-0.09449788839767174,-94640.23579949109,0.8412162491826919,-0.00039343472220465677,0.21660787723485217,-0.21738839241303923,-0.0003902575890935346,1.0306811825581612,52528947.931926966,-52718228.403525956,1.0014482289133546,1.0014482289133546
117,2.335857565407989,-0.0005447803517615329,0.09349719617227377,-0.09458675687579683,-901811.0722864916,0.8483790893946749,-0.001272529306147802,0.21887374080127622,-0.22142436517049,-0.0012753121846068945,1.0383355095143072,154772114.05158517,-156575736.19615817,1.0014403874014406,1.0014403874014406
118,2.352529160640859,-0.0009146318550051582,0.09292882477396865,-0.09475808848397897,-4668217.902798347,0.8554909879971123,-0.0021516981101506764,0.22149511559542995,-0.22585515111604224,-0.0021800177603061525,1.0459064509729554,474302312.0416077,-483638747.84720445,1.0014268460816738,1.0014268460816738
119,2.3692007558737287,-0.0012791456212205828,0.09243318944459983,-0.094991480687041,-20946627.02801107,0.8625526644623783,-0.0030305527726683748,0.2243568018629106,-0.2305663684140248,-0.0031047832755571143,1.0533899054293947,1513638097.3246827,-1555531351.3807049,1.001407733820066,1.001407733820066
120,2.3858723511065985,-0.001638187849091843,0.09199222266467501,-0.09526859836285868,-89730212.46207833,0.8695648231274952,-0.003908507095067017,0.22735102352840142,-0.2354483098735837,-0.004048643172591146,1.060781870568091,5038788249.550329,-5218248674.474485,1.0013831816197059,1.0013831816197059
121,2.4025439463394687,-0.001991552154580906,0.09158998798285028,-0.09557309229201211,-376044562.4375604,0.8765281536157099,-0.0047847915728076815,0.2303848430235547,-0.2404039169553529,-0.0050095369658991135,1.0680784447310319,17294007026.353855,-18046096151.22898,1.0013533237670218,1.0013533237670218
122,2.4192155415723384,-0.002338967822836578,0.0912125550334439,-0.09589049067911705,-1540061206.3445644,0.883443331243494,-0.005658467308243865,0.23338838070880835,-0.2453579590744551,-0.005984789182823365,1.0752758283589479,60057652853.13647,-63137775265.82559,1.0013182988266913,1.0013182988266913
123,2.435887136805208,-0.0026801075113116594,0.09084785880121436,-0.09620807382383768,-6385459374.741234,0.890311017413568,-0.0065284394120590904,0.23632259201579023,-0.2502661227123154,-0.006971765348262605,1.0823703254008201,216448522758.5051,-229219441507.98758,1.0012782504952993,1.0012782504952993
124,2.452558732038078,-0.003014594467495647,0.09048555121777341,-0.0965147401527647,-26992854368.407455,0.8971318599945215,-0.007393469984810129,0.23918524205653294,-0.25512251596836166,-0.007968636955914366,1.0893583446856017,810212893575.5298,-864198602312.3447,1.0012333283225956,1.0012333283225956
125,2.4692303272709477,-0.0033420093152737775,0.09011685131013647,-0.09680086994068401,-116927640989.95808,0.9039064936875738,-0.008252190755296025,0.24201397202524294,-0.259964287358637,-0.008975157666697047,1.0962364012509793,3152938799116.982,-3386794081096.8975,1.0011836883083503,1.0011836883083503
126,2.4859019225038175,-0.0036618964561138385,0.08973439843563429,-0.09705819134786196,-523475248595.6959,0.9106355403809946,-0.009103115440263307,0.24488593948105683,-0.2648726328689,-0.009993346693921604,1.1030011176310068,12827707471152.646,-13874657968344.04,1.00112949338213,1.00112949338213
127,2.5025735177366872,-0.003973770123898181,0.08933211170289483,-0.0972796519506912,-2301352238657.186,0.9173196094926799,-0.009944651877640823,0.24791426140800057,-0.2699702559768488,-0.011027997284424123,1.1096492250883443,51735417208722.88,-56338121686037.266,1.001070913772404,1.001070913772404
128,2.519245112969557,-0.004277120126285049,0.08890505753857653,-0.09745929779114662,-10848672507954.87,0.9239592983013546,-0.010775113975727344,0.2512421521630293,-0.2754160944636997,-0.012086971150335177,1.116177564799306,225502633795472.16,-247199978811381.88,1.001008127271419,1.001008127271419
129,2.5359167082024268,-0.004571417300478086,0.08844932646076878,-0.09759216106172494,-40538515426590.15,0.9305551922668519,-0.011592733512448012,0.2550360273328444,-0.28139860473724526,-0.013181288702200407,1.1225830889719557,784352893100875.9,-865429923954056.1,1.0009413194010415,1.0009413194010415
130,2.5525883034352965,-0.004856118706994334,0.0879619194872366,-0.09767415690122526,-120761843715598.9,0.9371078653398993,-0.012395671811567073,0.25947886471374954,-0.28812899368663825,-0.01432506448644436,1.1288628619120968,2187434907376154.0,-2428958594807351.5,1.000870683485286,1.000870683485286
131,2.5692598986681663,-0.00513067258008595,0.08744064411954322,-0.09770198927971513,-158095563978998.97,0.9436178802618205,-0.013182031313211167,0.2647648380164292,-0.29583555366039554,-0.015535357821983158,1.1350140610133066,2694379290625975.5,-3010570418583973.5,1.0007964206342137,1.0007964206342137
132,2.585931493901036,-0.005394523051558407,0.08688401956059943,-0.09767306566371625,-inf,0.9500857888545449,-0.013949867053600008,0.271095813976774,-0.30475983240213445,-0.016832009212680212,1.1410339776837097,inf,-inf,1.0007187396442305,1.0007187396442305
133,2.602603089133906,-0.005647114660928354,0.08629119061667168,-0.09758541993852837,-1498024776955569.0,0.9565121323012993,-0.014697198061225502,0.27867988154088796,-0.31515491991986416,-0.018237519189488103,1.1469200181970207,2.289068831400697e+16,-2.5886737867918104e+16,1.0006378568191594,1.0006378568191594
134,2.6192746843667756,-0.005887896661677187,0.08566184962907643,-0.0974376429524308,-inf,0.9628974414183367,-0.015422018670098707,0.2877317665043377,-0.32728577834963696,-0.019777005922649665,1.152669704461359,inf,-inf,1.0005539957167944,1.0005539957167944
135,2.6359462795996453,-0.006116327133344634,0.08499616575378911,-0.09722882002047838,-inf,0.9692422369180453,-0.016122309751954153,0.2984748155442969,-0.34143133238816953,-0.02147825842193634,1.1582806747123482,inf,-inf,1.0004673868250804,1.0004673868250804
136,2.652617874832515,-0.006331876904755138,0.08429472088701684,-0.0969584746965271,-162308710572265.06,0.9755470296637634,-0.01679604985879266,0.3111507636871617,-0.35789552572577976,-0.023372381019309014,1.1637506841208454,2160775969119976.8,-2485393390264506.5,1.0003782671724615,1.0003782671724615
137,2.669289470065385,-0.006534033293597409,0.08355845157807827,-0.09662651816527308,-inf,0.9818123209166106,-0.01744122626765621,0.3260070796438658,-0.37699273273129874,-0.025492826543716474,1.169077605306454,inf,-inf,1.0002868798763491,1.0002868798763491
138,2.6859610652982546,-0.006722303666009123,0.08278859631213645,-0.09623320364415469,-inf,0.9880386025746365,-0.018055845916012225,0.34330851949175345,-0.399060741946412,-0.027876111227329286,1.174259428767018,inf,-inf,1.000193473634186,1.000193473634186
139,2.7026326605311244,-0.006896218817309851,0.08198664759566983,-0.09577908523028954,-inf,0.9942263574045679,-0.018637946209830926,0.3633515864146965,-0.42447744339301646,-0.03056292848915997,1.1792942632101622,inf,-inf,1.0000983021614105,1.0000983021614105
140,2.719304255763994,-0.007055336175924611,0.08115430834933182,-0.09526498070118106,-inf,1.0003760592664326,-0.01918560568903746,0.3864658917138869,-0.45366249142694204,-0.03359829985652757,1.1841803357880016,inf,-inf,1.0000016235802247,1.0000016235802247
141,2.7359758509968635,-0.007199242829689268,0.08029345215915477,-0.09469193781853331,-inf,1.006488173331316,-0.01969695452749216,0.4130221448319676,-0.4870866328998256,-0.03703224403392902,1.1889159922305133,inf,-inf,0.9999036997637506,0.9999036997637506
142,2.7526474462297332,-0.0073275583744645024,0.07940608701061885,-0.09406120375954785,-inf,1.012563156292506,-0.020170184846569007,0.44344202302195634,-0.5252832881367954,-0.04092063255741951,1.1934996968817233,inf,-inf,0.9998047956396955,0.9998047956396955
143,2.7693190414626034,-0.007439937583049771,0.0784943221687392,-0.09337419733483873,-inf,1.0186014565702597,-0.02060356081603299,0.4782106795805375,-0.5688632900962047,-0.04532630525783366,1.1979300326278444,inf,-inf,0.9997051784578426,0.9997051784578426
144,2.785990636695473,-0.007536072891825374,0.07756033792307399,-0.09263248370672472,-inf,1.0246035145104275,-0.02099542851408007,0.5178928600193954,-0.6185339466307775,-0.05032054330569108,1.2022057007158944,inf,-inf,0.9996051170259319,0.9996051170259319
145,2.802662231928343,-0.007615696704245264,0.07660635797588199,-0.09183775138437252,-inf,1.030569762577152,-0.021344225522809356,0.5631538240810888,-0.6751238703111344,-0.05598502311502281,1.2063255204731078,inf,-inf,0.9995048809178828,0.9995048809178828
146,2.8193338271612127,-0.007678583505800797,0.0756346242584035,-0.09099179127000509,-inf,1.0365006255398495,-0.021648490222586324,0.614786532734506,-0.7396153337269071,-0.062414400496200534,1.2102884289104734,inf,-inf,0.9994047396593844,0.9994047396593844
147,2.8360054223940825,-0.007724551789156338,0.0746473740339885,-0.09009647761230116,-inf,1.0423965206546832,-0.021906870759611285,0.6737468822587144,-0.8131862865817757,-0.06971970216153069,1.214093480218091,inf,-inf,0.9993049618946165,0.9993049618946165
148,2.8526770176269522,-0.00775346578382865,0.07364681913550009,-0.0891537507031574,-inf,1.048257857840715,-0.02211813364848493,0.741199198224035,-0.8972646655419879,-0.0780327336589764,1.2177398451446477,inf,-inf,0.9992058145393066,0.9992058145393066
149,2.869348612859822,-0.007765236989063762,0.07263512725314222,-0.08816560123126974,-inf,1.054085039850926,-0.022281171983097887,0.8185748116089715,-0.9935983200904523,-0.0875117542407404,1.2212268102778217,inf,-inf,0.9991075619239098,0.9991075619239098
150,2.8860202080926918,-0.007759825502741783,0.07161440515765044,-0.087134056163134,-inf,1.0598784624382842,-0.022395013212185816,0.9076474222899028,-1.1043448772077595,-0.09834872745892825,1.2245537771924457,inf,-inf,0.9990104649320688,0.9990104649320688
151,2.9026918033255615,-0.00773724114543585,0.07058668381203531,-0.08606116610290701,-inf,1.0656385145170262,-0.02245882645320992,1.010630240259249,-1.2321873231384517,-0.11077854143960118,1.2277202615031706,inf,-inf,0.998914780138347,0.998914780138347
152,2.9193633985584313,-0.007697544373662185,0.06955390529349956,-0.08494899404082393,-inf,1.0713655783193237,-0.022471929303248768,1.1303017463663012,-1.3804831793589818,-0.1250907164963404,1.2307258917970467,inf,-inf,0.9988207589500359,0.9988207589500359
153,2.936034993791301,-0.007640846979121052,0.06851791148353577,-0.08379960544177788,-inf,1.077060029547487,-0.02243379411290396,1.2701695558515287,-1.5534581442998718,-0.14164429422417155,1.2335704084555799,inf,-inf,0.9987286467574416,0.9987286467574416
154,2.952706589024171,-0.007567312570194245,0.06748043447214318,-0.08261505961253167,-inf,1.0827222375218613,-0.02234405368721798,1.4346856072127947,-1.7564593039787793,-0.16088684838299228,1.2362536623652973,inf,-inf,0.9986386820970575,0.9986386820970575
155,2.9693781842570406,-0.007477156832160623,0.06644308863415899,-0.08139740229848022,-inf,1.0883525653245576,-0.022202506377686237,1.6295311821537526,-1.9962889732897795,-0.18337889556801354,1.2387756135189383,inf,-inf,0.9985510958321699,0.9985510958321699
156,2.9860497794899103,-0.007370647563481169,0.06540736433613081,-0.08014865946309316,-inf,1.0939513699391616,-0.022009120531630788,1.8619977466986652,-2.281648631402814,-0.20982544235207437,1.2411363295087945,inf,-inf,0.9984661103548124,0.9984661103548124
157,3.00272137472278,-0.0072481044845718245,0.06437462321697626,-0.0788708321861199,-inf,1.099519002386552,-0.021764038262047855,2.1415002715292237,-2.6237343242075926,-0.24111702633918455,1.2433359839102682,inf,-inf,0.9983839388139135,0.9983839388139135
158,3.01939296995565,-0.0071098988177527075,0.0633460949963009,-0.0775658926318063,-inf,1.1050558078569586,-0.02146757850741851,2.480275019832153,-3.0370419186358113,-0.27838344940182924,1.245374854562688,inf,-inf,0.9983047843733454,0.9983047843733454
159,3.0360645651885196,-0.006956452636326043,0.06232287575341503,-0.07623578102606712,-1061151198149648.6,1.1105621258383869,-0.02112023934856176,2.8943360133560487,-3.5404650998952176,-0.32306454326958456,1.2472533217476243,9506856114066182.0,-1.162915851036548e+16,0.9982288395039859,0.9982288395039859
160,3.0527361604213894,-0.006788237981840984,0.061305927609906025,-0.074882403573588,-inf,1.1160382902415236,-0.020722699552711887,3.404278941124561,-4.158171966150387,-0.37694651251291256,1.2489718662664138,inf,-inf,0.9981562853137396,0.9981562853137396
161,3.069407755654259,-0.006605775748962739,0.060296079740096396,-0.07350763123802187,-inf,1.1214846295212413,-0.020275819315979056,4.037902489701794,-4.922652491961417,-0.442375001129812,1.2505310674174261,inf,-inf,0.9980872909194816,0.9980872909194816
162,3.086079350887129,-0.006409634339207666,0.059294030642643984,-0.07211329932105931,-inf,1.1269014667948136,-0.019780640180965845,4.832735572767142,-5.8775647922953835,-0.5224146097641211,1.2519316008821606,inf,-inf,0.998022012863818,0.998022012863818
163,3.1027509461199987,-0.006200428084289754,0.05830035157223757,-0.07070120774081708,-148939201387617.56,1.1322891199569447,-0.019238384104879044,5.839084907291458,-7.081095463638189,-0.6210052781733654,1.253174236519961,1400420694465814.8,-1698299097241049.8,0.9979605945808557,0.9979605945808557
164,3.1194225413528684,-0.005978815441672469,0.057315491045202,-0.06927312192854694,-1215173067294043.5,1.1376479017917158,-0.018650451659341705,7.125428746056895,-8.611994511736683,-0.7432828828398939,1.2542598360733181,1.1649170598478872e+16,-1.407951673306696e+16,0.9979031659135087,0.9979031659135087
165,3.136094136585738,-0.005745496965549824,0.05633978031980584,-0.06783077425090549,-99010437609386.92,1.1429781200815505,-0.018018419345431955,8.785821506834408,-10.577767109775781,-0.8959728014706864,1.2551893507879506,970886650489577.6,-1168907525708351.5,0.9978498426853745,0.9978498426853745
166,3.152765731818608,-0.005501213058075936,0.05537343973465185,-0.06637586585080373,-72325946229716.39,1.1482800777132895,-0.01734403601293486,10.950645707429054,-13.126484356743573,-1.0879193246572598,1.2559638189583666,728009692139356.6,-872661584598789.5,0.9978007263303593,0.9978007263303593
167,3.1694373270514777,-0.005246741505962273,0.054416585810778816,-0.06491006882270337,-33434876702981.473,1.1535540727814686,-0.016629218374387113,13.80236732546576,-16.46396222150991,-1.3307974480220748,1.2565843633928706,346769863755068.6,-413639617161031.56,0.9977559035814213,0.9977559035814213
168,3.1861089222843475,-0.004982894809450364,0.0534692389849649,-0.06343502860386563,-59378565796449.82,1.1588003986888875,-0.01587604561119417,17.598839181868243,-20.878974305405034,-1.6400675617683946,1.257052188807482,637165111158557.0,-755922242751456.6,0.9977154462216881,0.9977154462216881
169,3.2027805175172173,-0.0047105173117843995,0.05253133187512782,-0.06195236649869662,-57786897408203.98,1.164019344244555,-0.01508675307361065,22.708098467279772,-26.78059718869415,-2.036249360707188,1.2573685791552258,644435098070873.4,-760008892887281.4,0.997679410898716,0.997679410898716
170,3.219452112750087,-0.004430482138458919,0.05160271795331442,-0.060463682230232255,-68032354794552.87,1.16921119375909,-0.014263725081163092,29.660835978604783,-34.75404847697969,-2.546606249187455,1.257534894896903,792386540888812.0,-928451250477917.6,0.997647839003772,0.997647839003772
171,3.236123707982957,-0.00414368795645273,0.05068318050717879,-0.05897055642008425,-33796103881174.7,1.174376227137661,-0.013409486834360128,39.230301318136995,-45.64497875050339,-3.2073387161831945,1.2575525702040669,413374281907871.56,-480966489670221.0,0.9976207566176796,0.9976207566176796
172,3.2527953032158266,-0.0038510555662151905,0.04977244179136067,-0.057474552923791056,-21876644176103.816,1.1795147199705345,-0.012526695458207938,52.55522921473557,-60.68796695943081,-4.066368872347615,1.2574231101234385,282741700326998.94,-326494988679206.56,0.9975981745230252,0.9975981745230252
173,3.2694668984486963,-0.0035535243388832155,0.04887017224301766,-0.05597722092078409,-21338201184595.25,1.184626943621313,-0.01161813019881046,71.33091213578963,-81.70436165541904,-5.186724759814696,1.2571480876790644,293455586004248.4,-336131988373438.9,0.9975800882843046,0.9975800882843046
174,3.286138493681566,-0.0032520485141446305,0.04797599968564757,-0.05448009671393683,-21691965851400.45,1.189713165312925,-0.01068668180565061,98.10933666479379,-111.41000052234781,-6.650331928777012,1.2567291409610584,320011753312233.1,-363395685015034.06,0.9975664783941615,0.9975664783941615
175,3.302810088914436,-0.002947593373733674,0.04708951838584778,-0.05298470513331513,-25496575203225.83,1.1947736482114413,-0.009735341132784917,136.77570970072497,-153.898805855505,-8.561548077390029,1.2561679701381179,407322616988938.1,-458315767395389.8,0.9975573104882705,0.9975573104882705
176,3.3194816841473056,-0.002641131308702398,0.04621029792008774,-0.05149256053749253,-49330261430215.98,1.199808651507782,-0.008767187004665613,193.3133201836546,-215.41081296369214,-11.048746390018772,1.2554663344774166,863102137199705.0,-961762660060136.9,0.9975525356246862,0.9975525356246862
177,3.3361532793801754,-0.002333637798742117,0.04533789173153342,-0.050005167329017663,-48547388071689.805,1.2048184304973741,-0.007785373395159048,277.0448636877883,-305.5650414533332,-14.260088882772436,1.2546260493180499,943178168192774.9,-1040272944336154.6,0.9975520906295056,0.9975520906295056
178,3.352824874613045,-0.0020260873224828115,0.044471845337067904,-0.04852401998203353,-24332496294809.8,1.2098032366578264,-0.006793115972958513,402.66981703424517,-439.36018619954444,-18.34518458264964,1.253648983035808,534089029569326.25,-582754022158945.9,0.9975558985050249,0.9975558985050249
179,3.369496469845915,-0.00171944922086705,0.04361170409668198,-0.047050602538416086,-281198176562278.12,1.2147633177246764,-0.005793678079790834,593.6467569640243,-640.4573769512265,-23.405309993601048,1.2525370539851197,7132244162800339.0,-7694640515924896.0,0.9975638689003509,0.9975638689003509
180,3.3861680650787847,-0.001414683533641115,0.04275702051818118,-0.04558638758546341,-25233654589306.15,1.2196989177652684,-0.004790356203808352,887.8738996445234,-946.6273193428267,-29.37670984915162,1.2512922274416383,762655294535551.8,-813122603714164.1,0.9975758986403205,0.9975758986403205
181,3.4028396603116544,-0.0011127368338638046,0.04190736103061531,-0.04413283469834293,-106001246840478.78,1.224610277250817,-0.003786465029761375,1347.342216296566,-1418.8922865001095,-35.77503510177171,1.2499165125412406,3992168126235525.0,-4204170619916483.0,0.9975918723117647,0.9975918723117647
182,3.419511255544524,-0.0008145380809741017,0.04106231221424935,-0.04269138837619755,-16825565128315.11,1.2294976331267111,-0.002785322135960578,2074.7358089194076,-2157.0473609580686,-41.155776019330496,1.248411959219378,848206639588688.0,-881857769845318.1,0.9976116629024546,0.9976116629024546
183,3.436182850777394,-0.0005209945205122775,0.040221486438802995,-0.04126347547982755,-29434799994782.2,1.234361218881106,-0.001790232436733279,3242.3259639933963,-3326.3225643440787,-41.99830017534081,1.2467806551613636,2272406641925731.0,-2331276241915295.0,0.9976351324911968,0.9976351324911968
184,3.4528544460102637,-0.00023298764931928092,0.03938452692628458,-0.039850502224923146,-32310695268966.15,1.2392012646118562,-0.0008044724408175593,5134.834929044318,-5195.587372357894,-30.376221656788417,1.2450247227671596,5461840795190442.0,-5526462185728375.0,0.9976621329827169,0.9976621329827169
185,3.4695260412431335,4.863072172726581e-05,0.03855111218774144,-0.0384538507442869,1454686757413.5361,1.2440179970918386,0.00016872555543719696,8246.000912666826,-8225.19689675186,10.402007957482324,1.2431463161336513,1153176230811083.5,-1150266857296256.2,0.9976925068865494,0.9976925068865494
186,3.4861976364760032,0.0003230422888138516,0.03772095987282987,-0.03707487529520217,10827429893157.197,1.2488116398327058,0.0011261892637446477,13439.360093034195,-13209.17074158164,115.09467572627813,1.2411476180700363,1264295922448122.5,-1242641062661808.2,0.9977260881325293,0.9977260881325293
187,3.502869231708873,0.0005894659314168001,0.036893830010274166,-0.03571489814744056,inf,1.2535824131471218,0.002064822074300522,22231.457504765596,-21521.057592305962,355.19995622981617,1.2390308371366614,inf,-inf,0.9977627029202624,0.9977627029202624
188,3.5195408269417428,0.0008471612207928706,0.03606952766125012,-0.03437520521966438,20673055205739.805,1.2583305342095197,0.002981618503582316,37328.89058498668,-35575.411093055634,876.7397459655223,1.2367982047137525,880195313812997.5,-838849203401517.9,0.9978021705969168,0.9978021705969168
189,3.5362124221746125,0.0010954317336992077,0.03524790499317456,-0.03305704152577615,28321045983362.617,1.2630562171154218,0.0038736793043514105,63627.04278371225,-59672.24990735763,1977.3964381773092,1.2344519721299898,911291418186176.9,-854649326219451.8,0.9978443045587642,0.9978443045587642
190,3.5528840174074823,0.001333628152441915,0.03442886280591564,-0.031761606501031804,inf,1.267759672939368,0.004738226147975549,110100.12593404893,-101570.50191708497,4264.8120084819875,1.2319944078202132,inf,-inf,0.99788891317043,0.99788891317043
191,3.5695556126403525,0.0015611511241442712,0.033612351515525815,-0.030490049267237276,162369979544730.72,1.272441109791485,0.005572615757368979,193424.53851321214,-175457.0401311065,8983.749191052817,1.2294277945255274,3495905517166233.5,-3171165558076772.5,0.997935800697745,0.997935800697745
192,3.586227207873222,0.0017774538599438531,0.032798371638232855,-0.02924346391834515,75288606881367.39,1.2771007328727388,0.0063743533932699254,345016.38620321394,-307621.19389519584,18697.596154009036,1.2267544265793813,1389258964335595.0,-1238681750572860.2,0.9979847682474295,0.9979847682474295
193,3.6028988031060916,0.0019820444518041163,0.0319869737817299,-0.028022884878121667,inf,1.2817387445289077,0.00714110558310812,624881.3556229802,-547440.9179998508,38720.21881156463,1.2239766072254774,inf,-inf,0.9980356147096292,0.9980356147096292
194,3.6195703983389613,0.002174487893343725,0.03117825819594123,-0.02682928240925378,inf,1.2863553443033053,0.007870712010293397,1149235.5718608487,-988931.6304471692,80151.97070683975,1.2210966459934545,inf,-inf,0.9980881376961512,0.9980881376961512
195,3.636241993571831,0.0023544077806731457,0.030372373892386586,-0.025663558331040292,inf,1.2909507289882964,0.00856119644207595,2146331.979433131,-1813572.9576859586,166379.51087358617,1.2181168561745508,inf,-inf,0.998142134470205,0.998142134470205
196,3.652913588804701,0.0025214876843521203,0.029569517370911083,-0.024526542002206844,inf,1.2955250926756317,0.009210776626173558,4070826.378890329,-3376561.5080267005,347132.4354318143,1.2150395523224085,inf,-inf,0.9981974028618577,0.9981974028618577
197,3.6695851840375706,0.0026754721758440146,0.028769930984555162,-0.023418986632867133,inf,1.300078626805638,0.009817873056781957,7841271.318877359,-6382866.483067187,729202.4179050858,1.2118670478743159,inf,-inf,0.9982537421635874,0.9982537421635874
198,3.6862567792704404,0.0028161675013296784,0.027973900970190133,-0.02234156596753078,inf,1.3046115202152924,0.010381116543337624,15340089.303214563,-12251477.456819352,1544305.923197606,1.2086016528072665,inf,-inf,0.9983109540012547,0.9983109540012547
199,3.70292837450331,0.0029434418909088374,0.02718175517236799,-0.021294871390550314,inf,1.3091239591852135,0.010899354496548011,30480707.742266987,-23879353.895599842,3300676.9233335718,1.205245671412593,inf,-inf,0.9983688431753684,0.9983688431753684
