,m,spdy,spdy_up,spdy_dn,epk,ret,spd_ret,cb_ret_up,cb_ret_dn,epk_ret,volatility,epk_up,epk_dn,cdf_m,cdf_ret
0,0.7537218820546177,0.6670766615268263,0.9432768134217893,0.39087650963186343,0.8800201623045159,-0.28273183571003185,0.5027902768007106,1.604909754831013,0.6650449945513154,1.134977374691164,0.8287339109853185,1.2443886322533968,0.515651692355635,-0.012340597071769599,-0.012340597071769599
1,0.7563491586852903,0.6724119723109764,0.9484762685831811,0.3963476760387716,0.8609942061911612,-0.2792521593097225,0.5085782295473237,1.5474853675739177,0.6466605960085089,1.0970729817912133,0.819820399455267,1.2144824982120563,0.507505914170266,-0.01065241946030393,-0.01065241946030393
2,0.7589764353159629,0.6784883508510625,0.9544636091578093,0.4025130925443158,0.844317979568612,-0.27578454908301725,0.5149566699323458,1.494351436273805,0.6301927199648311,1.062272078119318,0.8110655168942033,1.1877444690760601,0.5008914900611638,-0.008945562876226054,-0.008945562876226054
3,0.7616037119466356,0.6853450067201244,0.9612736469633936,0.40941636647685536,0.829866385647656,-0.27232892163734784,0.5219613010821387,1.445298504784607,0.6155675485046137,1.0304330266446102,0.8024688375423397,1.1639811761984897,0.4957515950968224,-0.007218186498078483,-0.007218186498078483
4,0.7642309885773081,0.6930220555059238,0.9689420901669714,0.4171020208448762,0.8175739031661803,-0.26888519444169257,0.5296289305851702,1.4003593376943997,0.6028148798455786,1.0015871087699892,0.7940298978255447,1.143083052416701,0.4920647539156595,-0.005468338041106913,-0.005468338041106913
5,0.7668582652079807,0.7015605091465699,0.9775055473438468,0.425615470949293,0.8072899758224834,-0.2654532858147486,0.5379974749825662,1.3591915959967653,0.5918053077165751,0.9754984518566703,0.7857481974912665,1.1248216217892797,0.4897583298556872,-0.003693951527663719,-0.003693951527663719
6,0.7694855418386534,0.7110022587647163,0.9870015226119991,0.43500299491743355,0.7990156147285054,-0.2620331149133081,0.5471059583340742,1.3218354756518877,0.5825749783799686,0.9522052270159281,0.777623200711701,1.1091802010558298,0.48885102840118083,-0.0018928450979380784,-0.0018928450979380784
7,0.772112818469326,0.7213900487994842,0.9974684006403516,0.44531169695861683,0.792590801249526,-0.25862460172083085,0.5569945037942944,1.2880303563913718,0.5750307311696611,0.9315305437805165,0.7696543371467461,1.0959179159738706,0.4892636865251815,-6.271887634645701e-05,-6.271887634645701e-05
8,0.7747400950999986,0.7327674412413252,1.0089454203887476,0.45658946209390294,0.7880115487246615,-0.2552276670362119,0.5677043171134869,1.2576892830265973,0.5691563305744749,0.9134228068005361,0.7618410029704319,1.085010875964058,0.49101222148526513,0.0017988470799383816,0.0017988470799383816
9,0.7773673717306713,0.7451787687018466,1.021472636389602,0.4688849010140912,0.7851789863596759,-0.2518422324627391,0.5792776608952523,1.2306460089806275,0.5649014095412157,0.8977737092609216,0.754182561862616,1.076303946007132,0.4940540267122196,0.0036943947201586447,0.0036943947201586447
10,0.7799946483613439,0.7586690749181544,1.0350908662214011,0.4822472836149076,0.7840553363056096,-0.24846822039723704,0.5917578183134119,1.2067677779095014,0.5622312995334426,0.884499538721472,0.7466783459621862,1.0697266358321484,0.49838403677907084,0.005626589799796244,0.005626589799796244
11,0.7826219249920165,0.7732840413237504,1.0498416229228218,0.496726459724679,0.7846035361262351,-0.24510555401939305,0.6051890449863996,1.1859183506590474,0.561110372253458,0.8735143614562526,0.7393276567876081,1.0652094259021305,0.5039976463503397,0.007598223499972412,0.007598223499972412
12,0.7852492016226892,0.7890698981524925,1.065767030870115,0.5123727654348699,0.7867498567866048,-0.24175415728126293,0.6196165075487414,1.1679896607154066,0.5615167997564195,0.864753230235913,0.7321297661187525,1.0626334382646851,0.5108662753085244,0.009612213834281125,0.009612213834281125
13,0.7878764782533618,0.8060733186490112,1.0829097238413663,0.529236913456656,0.7905155499937007,-0.23841395489695105,0.6350862075111828,1.1528352779894577,0.5634107542065643,0.858123016098011,0.7250839168484908,1.062008822436582,0.5190222775508192,0.011671606790707001,0.011671606790707001
14,0.7905037548840343,0.8243412947627755,1.101312723688282,0.547369865837269,0.7958008486060202,-0.23508487233246297,0.6516448888159406,1.140386809498007,0.5667903053249332,0.8535885574114701,0.7181893237957299,1.0631829384987384,0.528418758713302,0.013779577171738056,0.013779577171738056
15,0.793131031514707,0.8439209928892432,1.1210192983460905,0.5668226874323957,0.8026537045130913,-0.2317668357957254,0.6693399276071611,1.1305044490770142,0.571618678577183,0.8510615638270985,0.7114451744892634,1.0662020499900575,0.5391053590361249,0.01593942907056478,0.01593942907056478
16,0.7957583081453796,0.8648595880723895,1.1420727976494902,0.5876463784952888,0.8109895689096337,-0.22845977222677277,0.6882192025877946,1.1231173553312408,0.5778929748120725,0.8505051650716566,0.7048506299159597,1.0709358358314864,0.5510433019877811,0.01815459593625912,0.01815459593625912
17,0.7983855847760523,0.8872040752586515,1.1645164656844615,0.6098916848328414,0.8208317319553765,-0.22516360928809395,0.7083309444410751,1.1181401579172061,0.5856030420235934,0.8518715999703997,0.6984048252382606,1.077398192901289,0.564265271009464,0.020428640162399314,0.020428640162399314
18,0.8010128614067249,0.9110010561916895,1.1883932283459102,0.6336088840374687,0.8321485926158678,-0.22187827535513838,0.7297235627646538,1.1154638428670012,0.5947255368047125,0.8550946898358569,0.6921068704799069,1.0855308517163695,0.5787663335153662,0.02276525213891456,0.02276525213891456
19,0.8036401380373975,0.9362965006911057,1.2137454549521376,0.6588475464300738,0.8449278433249758,-0.21860369950697747,0.7524454490593324,1.1150803489601757,0.6052899716224048,0.8601851602912902,0.685955851180963,1.0953018929807297,0.5945537936692219,0.025168248698189566,0.025168248698189566
20,0.8062674146680702,0.9631354812005869,1.2406146928968078,0.6856562695043659,0.8591850909565404,-0.21533981151711848,0.7765447544026849,1.116831920866843,0.6172446714595291,0.8670382961631861,0.6799508290231226,1.1067162082221862,0.6116539736908945,0.02764157088486663,0.02764157088486663
21,0.8088946912987428,0.9915618796636942,1.2690413744718732,0.7140823848555155,0.8748757414622663,-0.2120865418444675,0.8020691405541651,1.1207687848853547,0.6306502395287275,0.8757095122070411,0.6740908424256018,1.1197016910471949,0.6300497918773379,0.030189280978038746,0.030189280978038746
22,0.8115219679294154,1.0216180660629919,1.2990644952947679,0.7441716368312158,0.8920578064563127,-0.20884382162443949,0.8290655034436827,1.126732106930514,0.6454506911102261,0.8860913990203702,0.6683749071125712,1.1343188444031242,0.6497967685095011,0.03281555868780828,0.03281555868780828
23,0.814149244560088,1.0533445482123853,1.3307212639974475,0.7759678324273231,0.9106703822478835,-0.20561158266021157,0.8575796681886007,1.1347365558157263,0.6616855756458886,0.8982110657308074,0.6628020166532425,1.1504767781886291,0.6708639863071378,0.035524696450937365,0.035524696450937365
24,0.8167765211907606,1.0867795927461628,1.3640467231931441,0.8095124622991814,0.9307686070349845,-0.202389757414117,0.8876560550643224,1.1447047535313146,0.6793409257033941,0.9120228396173543,0.6573711429751365,1.1682330777567875,0.6933041363131816,0.038321093747268,0.038321093747268
25,0.8194037978214332,1.121958817633086,1.399073342108296,0.844844293157876,0.9523207668674063,-0.19917827899917837,0.9193373161677955,1.15658234538227,0.6984137033094344,0.9274980243458522,0.6520812368512552,1.187536099472094,0.7171054342627186,0.04120925036037104,0.04120925036037104
26,0.8220310744521059,1.1589147569991636,1.435830581729177,0.8819989322691502,0.9753524867045127,-0.1959770811707751,0.9526639428944236,1.1703736837445562,0.7189346379399757,0.9446541608422659,0.6469312283626675,1.2084071929519407,0.7422977804570846,0.044193758505190806,0.044193758505190806
27,0.8246583510827785,1.1976763995144513,1.4743444337521918,0.9210083652767106,0.9998700310459561,-0.19278609831844468,0.9876738447543465,1.1859533918661258,0.7408533377490135,0.9634033648075696,0.6419200273365657,1.2308440037274437,0.7688960583644684,0.04727929375186979,0.04727929375186979
28,0.8272856277134512,1.2382687021776695,1.5146369352283167,0.9619004691270223,1.025863914607152,-0.18960526545781384,1.0244019005589737,1.2034029914549382,0.7642451303717066,0.9838240609133223,0.6370465237614928,1.2548256875501294,0.7969021416641748,0.05047060467482334,0.05047060467482334
29,0.8299129043441238,1.280712081902228,1.556725661333493,1.004698502470963,1.0533757998607052,-0.18643451822265797,1.0628794835200874,1.2225629414020442,0.7890325102953337,1.005797725848689,0.6323095881803419,1.2803948380304575,0.8263567616909526,0.05377250116485455,0.05377250116485455
30,0.8325401809747964,1.32502188794957,1.6006231993357356,1.0494205765634046,1.0823602364698295,-0.1832737928570859,1.1031339623891014,1.2434815917579047,0.8152669344728438,1.0293742631153744,0.6277080720621753,1.3074885179542473,0.857231954985412,0.05718984134898586,0.05718984134898586
31,0.8351674576054691,1.3712078589332282,1.646336607509664,1.0960791103567924,1.1128821720952076,-0.18012302620784773,1.1451881813939029,1.2660716464898418,0.8429106645643238,1.0544911555270828,0.623240808153837,1.3361786455852198,0.8895856986051952,0.0607275170706949,0.0607275170706949
32,0.8377947342361417,1.4192735688038036,1.6938668634185428,1.1446802741890645,1.144879431977581,-0.1769821557167636,1.189059922384363,1.2903110728458265,0.8719655980951744,1.0811383354705004,0.6189066108126482,1.3663844483982972,0.9233744155568647,0.064390437895404,0.064390437895404
33,0.8404220108668143,1.469215866939133,1.7432083066967647,1.1952234271815014,1.1783861222766494,-0.17385111941327086,1.2347613532904163,1.3161823278250557,0.9024348648497116,1.1093085963373837,0.6147042763209873,1.3981420450681434,0.9586301994851555,0.06818351361868458,0.06818351361868458
34,0.8430492874974869,1.5210243181731566,1.7943480821663136,1.2477005541799997,1.2133633594390534,-0.17072985590708784,1.2822984677022304,1.3435967349176448,0.9342704503171209,1.138933592617383,0.6106325831840611,1.4314013201283244,0.9953253987497824,0.07211163526954889,0.07211163526954889
35,0.8456765641281595,1.574680649293246,1.8472655898120276,1.3020957087744642,1.2497923620771592,-0.16761830438099093,1.3316705210934114,1.3725999130600048,0.9675146153951261,1.1700572642275655,0.6066902924119799,1.4661375472615537,1.0334471768927644,0.07617965461784937,0.07617965461784937
36,0.8483038407588321,1.6301582091979203,1.9019319487956536,1.358384469600187,1.287648584269067,-0.164516404583705,1.3828694699071356,1.403060767197263,1.0020842003694936,1.2025724837833782,0.6028761477873141,1.5023204296519244,1.0729767388862097,0.08039236221376855,0.08039236221376855
37,0.8509311173895048,1.6874214505191567,1.9583094832943553,1.4165334177439581,1.3268559286788628,-0.16142409682290274,1.435879420397285,1.4350234557690225,1.0380170742591932,1.2365202650141078,0.5991888761193126,1.5398610390413885,1.113850818316337,0.08475446400770248,0.08475446400770248
38,0.8535583940201774,1.7464254410527136,2.016351238484616,1.4764996436208113,1.367387954170574,-0.15834132195831205,1.4906760947409343,1.468386029762647,1.0752449316676274,1.2718154807151372,0.5956271874861637,1.578730090658111,1.156045817683037,0.0892705566206693,0.0892705566206693
39,0.85618567065085,1.8071154137895051,2.076000535436015,1.538230292142995,1.4091190705342096,-0.15526802139492968,1.5472263224988558,1.5031385397960537,1.1137633135129517,1.3084509266545028,0.592189775466467,1.6187853429835584,1.1994527980848606,0.09394510135897549,0.09394510135897549
40,0.8588129472815227,1.8694263646696374,2.137190574002229,1.601662155337046,1.4519777799188869,-0.15220413707633856,1.605487565967714,1.5392369103813937,1.1535412599350288,1.3463890851582112,0.5888753173612062,1.6599494280972724,1.2440061317405013,0.09878239709114278,0.09878239709114278
41,0.8614402239121953,1.9332827073807723,2.1998440929928713,1.6667213217686734,1.4958127780143895,-0.14914961147812733,1.6654074883316676,1.576605474226003,1.1945219064750356,1.3855636903505193,0.5856824744078498,1.7020557269641559,1.2895698290646231,0.10378655213039267,0.10378655213039267
42,0.864067500542868,1.9985979945619743,2.2638730969452268,1.7333228921787216,1.5404816879270873,-0.14610438760140998,1.7269235737511535,1.6152549678187516,1.2367117292058112,1.4259833485122813,0.5826098919876278,1.7449507400307578,1.3360126358234168,0.10896145529127022,0.10896145529127022
43,0.8666947771735405,2.065274714641548,2.32917865867787,1.8013707706052262,1.5857974657368166,-0.14306840896644404,1.789962808608404,1.6550503141989146,1.2800045409875314,1.467527427593223,0.5796561998276383,1.7884330776889945,1.3831618537846384,0.1143107463146209,0.1143107463146209
44,0.8693220538042131,2.133204173212375,2.3956508064800848,1.8707575399446659,1.6315616996071924,-0.14004161960634465,1.8544414330407004,1.6960230699197576,1.3244200437685374,1.5102215568441475,0.5768200121992813,1.8322916064803962,1.4308317927339889,0.11983778587967875,0.11983778587967875
45,0.8719493304348858,2.2022664673256855,2.4631685042665725,1.9413644303847983,1.6775105008788191,-0.13702396406089487,1.9202647716238328,1.7380243911700812,1.3698367473903157,1.5539305692801983,0.5740999281142475,1.8762448108102097,1.4787761909474282,0.12554562544564585,0.12554562544564585
46,0.8745766070655584,2.2723305603440305,2.53159973228301,2.0130613884050508,1.7234320039441389,-0.13401538737044774,1.9873271515970612,1.7810289423439822,1.4162272770629873,1.598628109703485,0.5714945315199876,1.9200727552299388,1.5267912526583387,0.13143697718714387,0.13143697718714387
47,0.877203883696231,2.3432544640489157,2.6008016750025043,2.085707253095327,1.7689329005285634,-0.13101583506992037,2.055511916352239,1.8249292687806573,1.4634980624880227,1.64421366563434,0.5690023914958823,1.9633564007863924,1.5745094002707345,0.13751418430730278,0.13751418430730278
48,0.8798311603269037,2.4148855335337718,2.6706210216854567,2.159150045382087,1.8138096535572459,-0.12802525318287789,2.124691541025672,1.8696158196243593,1.5115514515201969,1.690583635572278,0.5666220624519243,2.0058914275069735,1.6217278796075185,0.14377919202911038,0.14377919202911038
49,0.8824584369575763,2.487060879056012,2.740894383720425,2.233227374391599,1.8576147378349372,-0.1250435882157054,2.194727855950104,1.9150116648952182,1.5603142163100066,1.7376629406026123,0.5643520843314304,2.0472059389155794,1.668023536754295,0.15023351957858,0.15023351957858
50,0.885085713588249,2.5596078974675165,2.811448831306676,2.307766963628357,1.9000683731751262,-0.12207078715186673,2.2654723824361542,1.9609218762929326,1.609615182738971,1.7852685295159518,0.5621909828194802,2.0870169264797633,1.713119819870489,0.1568782334828217,0.1568782334828217
51,0.8877129902189216,2.632344924131251,2.882102550329432,2.38258729793307,1.940770849169568,-0.11910679744624812,2.336766783888153,2.0072772422571954,1.6593834457019792,1.8333303439795872,0.5601372695587137,2.1249117327747786,1.7566299655643574,0.16371392251063277,0.16371392251063277
52,0.8903402668495941,2.705082004380902,2.952665618430502,2.4574983903313017,1.9793155503561863,-0.11615156701958573,2.408443433630527,2.0538265281698744,1.7093961996550382,1.8816113639124563,0.5581894423741663,2.1604731258042222,1.7981579749081502,0.17074067458295494,0.17074067458295494
53,0.8929675434802669,2.7776217816212068,3.0229408973168437,2.53230266592557,2.0154551609996694,-0.11320504425297445,2.480326099051571,2.100420605163645,1.7595119715181804,1.9299662883409128,0.5563459855089836,2.193459841511666,1.8374504804876723,0.17795805597545866,0.17795805597545866
54,0.8955948201109394,2.849760497154961,3.0927250363436256,2.6067959579662965,2.048613919174748,-0.1102671779824593,2.5522307398087585,2.146811806089468,1.8095046513558082,1.978158228722638,0.5546053698724461,2.2232743993606063,1.8739534389888892,0.1853650931242825,0.1853650931242825
55,0.898222096741612,2.921289094777766,3.1618095803644986,2.680768609191033,2.0787655413738007,-0.10733791749370312,2.6239664158996905,2.192761658459257,1.8591526377618184,2.0259571481105376,0.5529660533023227,2.2499179611483417,1.9076131215992593,0.1929602573296405,0.1929602573296405
56,0.9008493733722847,2.991994421175555,3.229982172840259,2.7540066695108507,2.1052525508351976,-0.10441721251673503,2.6953362994493704,2.237986776575864,1.9081933518992942,2.073090064237579,0.5514264808431076,2.272707515895861,1.9377975857745344,0.20074145263002363,0.20074145263002363
57,0.9034766500029573,3.0616605112236246,3.297027843264925,2.8262931791823243,2.128154240094774,-0.10150501322077343,2.766138782126662,2.2822033926523493,1.9563607554410951,2.119282074046722,0.5499850850418234,2.2917576127833086,1.9645508674062397,0.20870600709205234,0.20870600709205234
58,0.9061039266336299,3.130069945477812,3.362730366164727,2.8974095247908966,2.1470325872765943,-0.09860127020912508,2.836168668235357,2.3250359375228253,2.0033069967911215,2.164171467156973,0.5486402862632321,2.3066231119886655,1.9874420625645228,0.21685066772860817,0.21685066772860817
59,0.9087312032643026,3.1970052655149344,3.426873677297046,2.9671368537328227,2.16184617548798,-0.0957059345141576,2.9052184417736973,2.3662019834764667,2.0487609902464903,2.2074814868614787,0.5473904930260073,2.3172854399261675,2.006406911049792,0.22517159922030539,0.22517159922030539
60,0.9113584798949752,3.26225043136732,3.48924333127014,3.0352575314645,2.172514721753367,-0.0928189575923448,2.9730795941676478,2.4052467651162814,2.0922998672587,2.2487733161874908,0.5462341023615908,2.3236819687650163,2.021347474741717,0.23366438657381694,0.23366438657381694
61,0.9139857565256477,3.3255923041417406,3.549627983654338,3.101556624629143,2.178856686579427,-0.08994029131938334,3.039543997996861,2.4418585000448423,2.1336214505003106,2.287739975272576,0.545169500197322,2.3256400543814424,2.032073318777412,0.24232404180563027,0.24232404180563027
62,0.9166130331563205,3.3868221360616473,3.607820879812303,3.1658233923109917,2.1811757272274885,-0.08706988798537872,3.1044053108964347,2.4756080980530517,2.1723190502236394,2.3239635741383458,0.5441950617654453,2.32350298158317,2.0388484728718077,0.25114501469156914,0.25114501469156914
63,0.919240309786993,3.445737049637991,3.6636213321464144,3.2278527671295674,2.179150561148062,-0.08420770029010212,3.167460392953746,2.5060765970470524,2.207991914294732,2.357034255670892,0.5433091520394789,2.316944783299592,2.0413563389965326,0.2601212075729846,0.2601212075729846
64,0.9218675864176656,3.5021414874892365,3.716836167284285,3.287446807694188,2.173351301099377,-0.08135368133831199,3.2285107203648757,2.5329915041296966,2.2403663921113495,2.386678948120523,0.5425101261995153,2.306586055702682,2.0401165464960718,0.2692459941595605,0.2692459941595605
65,0.9244948630483383,3.555848614504539,3.7672811249037146,3.3444161041053633,2.1636069982112085,-0.0785077846351451,3.287363777886997,2.5557621814453637,2.2688862111684824,2.412324196306923,0.5417963301276857,2.2922561362209155,2.034957860201501,0.2785122422179388,0.2785122422179388
66,0.9271221396790109,3.6066816545633182,3.814782190422856,3.3985811187037807,2.150403154680701,-0.07566996408157114,3.343834412719779,2.5743597080596907,2.293491439309049,2.43392557368437,0.5411661009352945,2.2744784381859415,2.0263278711754604,0.28791233998565413,0.28791233998565413
67,0.9297494163096836,3.6544751449044894,3.8591768446692774,3.4497734451397015,2.133868152478933,-0.07284017396991237,3.3977461328931953,2.5881223585137887,2.313559638373698,2.4508409984437436,0.5406177675226626,2.2533946017134925,2.014341703244374,0.2974382261019941,0.2974382261019941
68,0.9323766929403562,3.69907609243459,3.9003152148432494,3.4978369700259306,2.114314036028837,-0.07001836897942619,3.4489323339988984,2.5971320011032173,2.3291308084342486,2.463131404768733,0.5401496511730282,2.229338082702805,1.9992899893548697,0.30708142280246487,0.30708142280246487
69,0.9350039695710288,3.7403450177729236,3.9380611126062925,3.5426289229395547,2.0921108080944553,-0.06720450417195017,3.497237439182904,2.6009897711309775,2.339816810354242,2.4704032907426097,0.5397600661812761,2.2027006004717933,1.9815210157171168,0.3168330720824788,0.3168330720824788
70,0.9376312462017015,3.7781568745946204,3.9722929468945742,3.5840208022946665,2.0674366782903055,-0.06439853498760792,3.542517938671679,2.5996394815114177,2.3455374779162086,2.472588479713813,0.539447320518596,2.173669439336049,1.9612039172445621,0.3266839744990948,0.3266839744990948
71,0.9402585228323741,3.8124018338286225,4.0029045010588895,3.621899166598356,2.0407850978350037,-0.06160041724057507,3.5846433167191347,2.593118616401015,2.346299831322243,2.469709223861629,0.5392097165337361,2.1427614952156864,1.9388087004543217,0.3366246302485735,0.3366246302485735
72,0.9428857994630466,3.84298592443264,4.029805566103981,3.656166282761298,2.0122780664507625,-0.058810107114904614,3.623496855683905,2.5811915264790937,2.341866195193626,2.46152886083636,0.5390455516914676,2.110101236951428,1.914454895950097,0.34664528213163337,0.34664528213163337
73,0.9455130760937193,3.8698315247556136,4.052922424093201,3.686740625418026,1.982379433809071,-0.056027561160409536,3.6589763089361282,2.564370946846371,2.332679868772834,2.4485254078096026,0.5389531193487929,2.0761705022425634,1.8885883653755786,0.3567359599991716,0.3567359599991716
74,0.9481403527243919,3.8928777008589233,4.072198178150784,3.7135572235670624,1.9512863202038813,-0.05325273628860386,3.6909944364052993,2.542271350201536,2.3183719759669636,2.43032166308425,0.5389307095691289,2.0411698514010816,1.8614027890066809,0.36688652625816276,0.36688652625816276
75,0.9507676293550645,3.9120803905388475,4.087592927869695,3.7365678532080007,1.9193139640342594,-0.05048558976869862,3.719479398759055,2.5156701797244896,2.299635137036859,2.4076526583806745,0.5389766099746591,2.005422538023911,1.833205390044608,0.3770867220112486,0.3770867220112486
76,0.9533949059857372,3.9274124341280876,4.0990837912727205,3.7557410769834547,1.8866955812089736,-0.04772607922365376,3.744375008402763,2.4845074981494646,2.276403055419395,2.38045527678443,0.5390891066367626,1.9691650433236223,1.804226119094325,0.3873262134036951,0.3873262134036951
77,0.9560221826164098,3.938863455397458,4.106664776721547,3.771062134073369,1.8536748241283076,-0.044974162626284085,3.7656408376570916,2.44932496121053,2.249162548552484,2.349243754881507,0.5392664850043104,1.9326440720639513,1.7747055761926638,0.3975946377580376,0.3975946377580376
78,0.9586494592470824,3.94643959798946,4.110346510282877,3.7825326856960424,1.8204329083398216,-0.042229798295418806,3.7832521865638693,2.4104879520202225,2.2182435091988184,2.3143657306095204,0.5395070308693896,1.896040688374088,1.7448251283055551,0.40788164908935576,0.40788164908935576
79,0.9612767358777551,3.950163124748923,4.110155825997179,3.7901704235006672,1.7872142997583451,-0.03949294489211353,3.7971999147433184,2.3683051659602397,2.183926978405636,2.276116072182938,0.5398090313697487,1.8596014985897915,1.7148271009268987,0.4181769626124855,0.4181769626124855
80,0.9639040125084277,3.950071889035696,4.106135228217793,3.794008549853599,1.7540990245815378,-0.036763561415914,3.8074901435382524,2.3234589476374112,2.1468418896657475,2.2351504186515796,0.540170776027238,1.82340170025995,1.6847963489031255,0.4284703978756622,0.4284703978756622
81,0.9665312891391002,3.946218688593674,4.098342236680013,3.794095140507335,1.721334832804177,-0.034041607201170755,3.814143836311253,2.276061677600523,2.1070945401267034,2.1915781088636135,0.5405905578210443,1.7876909024684497,1.6549787631399044,0.43875192018307396,0.43875192018307396
82,0.969158565769773,3.938670513775003,4.086848626185532,3.7904924013644745,1.68894703474861,-0.0313270419134032,3.817196266169877,2.2269049986863325,2.065421856341079,2.146163427513706,0.5410666742944883,1.7524875067670582,1.6254065627301615,0.4490116800001598,0.4490116800001598
83,0.9717858424004455,3.9275077028783705,4.07173957374887,3.7832758320078717,1.6571061953595139,-0.02861982554571463,3.816696381575896,2.1761766155079667,2.022004660787219,2.099090638147593,0.5415974286938865,1.7179609523374912,1.5962514383815365,0.45924005007022317,0.45924005007022317
84,0.9744131190311182,3.912823018045437,4.053112726737777,3.7725333093530966,1.6258778927597806,-0.025919918415252846,3.8127060812304077,2.124453120650283,1.9773864439894324,2.0509197823198577,0.5421811311376757,1.6841718495507332,1.5675839359688277,0.469427660007646,0.469427660007646
85,0.9770403956617908,3.8947206555716116,4.0310772059509326,3.758364105192291,1.5953022068830054,-0.023227281159721266,3.8052994103118367,2.0720603980852577,1.931879997847125,2.0019701979661915,0.5428160998139007,1.6511547121023196,1.5394497016636912,0.4795654281713091,0.4795654281713091
86,0.9796676722924634,3.8733152046402957,4.00575255772762,3.7408778515529715,1.5655301614541457,-0.020541874733935078,3.794561690584965,2.0193654413276674,1.8858377657604246,1.9526016035440459,0.5435006622038355,1.619059156593237,1.5120011663150545,0.489644590660963,0.489644590660963
87,0.9822949489231361,3.8487305683916024,3.97726766908245,3.7201934677007547,1.5364462176266314,-0.017863660406424137,3.7805885970971413,1.966732546397096,1.8396110547693874,1.9031718005832416,0.5442331563293789,1.5877593294882597,1.485133105765003,0.49965672731830824,0.49965672731830824
88,0.9849222255538087,3.8210988609143146,3.94575965953105,3.696438062297579,1.508316029388048,-0.015192599756081181,3.76348519415285,1.9144106440200952,1.7934443509072058,1.8539274974636506,0.5450119320215152,1.55752383259703,1.4591082261790658,0.5095937846530773,0.5095937846530773
89,0.9875495021844813,3.790559293218569,3.911372762733676,3.669745823703462,1.4809222229330965,-0.01252865466885466,3.7433649430187574,1.862697854193725,1.7476287957968422,1.8051633249952836,0.5458353522071573,1.528122474398535,1.4337219714676577,0.5194480956516012,0.5194480956516012
90,0.9901767788151539,3.7572570605424205,3.8742572103686164,3.6402569107162246,1.454466967960976,-0.009871787334485597,3.7203486933883876,1.811810031710775,1.7023789672995422,1.7570944995051585,0.5467017942112044,1.4997587460923665,1.409175189829586,0.5292123964608542,0.5292123964608542
91,0.9928040554458266,3.721342242486592,3.8345681297734187,3.6081163551997655,1.4288326618541924,-0.007221960243287059,3.6945636700425553,1.7619311116256573,1.6578796478359825,1.70990537973082,0.5476096510707135,1.4723064504447139,1.385358873263671,0.5388798399742152,0.5388798399742152
92,0.9954313320764991,3.6829687264964077,3.792464465896149,3.5734729870966664,1.4040746352330775,-0.004579136182967915,3.6661424654124066,1.7132322910301065,1.614303671839721,1.6637679814349138,0.5485573328577217,1.4458181855519314,1.3623310849142236,0.548444006375784,0.548444006375784
93,0.9980586087071718,3.6422931641393554,3.7481079370005372,3.5364783912781736,1.380204094711494,-0.0019432782354957129,3.6352220479045676,1.6658448225579965,1.571786169774367,1.6188154961661818,0.5495432680072488,1.4203013565744003,1.3401068328485874,0.5578989107279088,0.5578989107279088
94,1.0006858853378444,3.599473968498584,3.7016620324040432,3.497285904593125,1.3571255448901243,0.0006856502259964517,3.6019427949175298,1.6198390010193287,1.530404465989551,1.5751217335044398,0.5505659046467246,1.3956539612983725,1.3185971284818763,0.5672390077112256,0.5672390077112256
95,1.0033131619685172,3.5546703598339198,3.6532910593101264,3.456049660357713,1.334979377590357,0.003307685540264391,3.566447558480737,1.5753682591209535,1.490314034245446,1.5328411466831997,0.5516237119230467,1.3720170172803627,1.297941737900351,0.5764591936478345,0.5764591936478345
96,1.0059404385991897,3.5080414654873047,3.6031592445579976,3.4129236864166117,1.3135493294931597,0.005922863760966017,3.5288807704164435,1.5323667204433142,1.4514625420390155,1.4919146312411649,0.5527151813233798,1.349165184137521,1.2779334748487987,0.5855548059564963,0.5855548059564963
97,1.0085677152298622,3.459745478846385,3.551429895867803,3.368061061824967,1.2930365530625756,0.008531220659636891,3.489387592876944,1.4910390425183713,1.4140531245203665,1.4525460835193689,0.5538388279855889,1.3273024559388924,1.2587706501862588,0.5945216202034086,0.5945216202034086
98,1.011194991860535,3.4099388810485367,3.4982646259233428,3.3216131361737307,1.2732212620015582,0.011132791728625517,3.4481131190667966,1.451238851751922,1.377955800708627,1.4145973262302745,0.5549931919943462,1.306200802186791,1.2402417218163253,0.6033558449237884,0.6033558449237884
99,1.0138222684912075,3.3587757280300283,3.4438226414260007,3.273728814634056,1.2542077996095111,0.013727612183990465,3.4052016279446105,1.4130871732386394,1.3432933917600305,1.378190282499335,0.5561768396586709,1.285965353775387,1.222450245443635,0.6120541143980275,0.6120541143980275
100,1.0164495451218802,3.3064070045078973,3.388260098074723,3.2245539109410717,1.2359066074077032,0.01631571696836217,3.3607958957198507,1.3765186938694551,1.3100112179470467,1.3432649559082508,0.557388364766835,1.2665025924265099,1.2053106223888967,0.6206134795715703,0.6206134795715703
101,1.0190768217525528,3.252980045544419,3.3317295212947347,3.174230569794103,1.2182932303654181,0.01889714075376452,3.3150365660378807,1.3415127427895486,1.2780961751889521,1.3098044589892504,0.5586263898144611,1.2477861727930373,1.188800287937799,0.629031397310678,0.629031397310678
102,1.0217040983832253,3.1986380254888584,3.2743792914539798,3.122896759523737,1.2013923557996953,0.02147191794440341,3.268061579886394,1.308113519766713,1.2475962948552244,1.2778549073109688,0.5598895672016971,1.2298403943786091,1.1729443172207812,0.6373057181864339,0.6373057181864339
103,1.024331375013898,3.143519513326272,3.216353191282891,3.070685835369653,1.1850703736809567,0.02404008267941729,3.22000566546852,1.2761525889520977,1.2183561461117085,1.247254367531903,0.561176580395436,1.2125278249825004,1.157612922379413,0.6454346729773393,0.6454346729773393
104,1.0269586516445708,3.0877580927922064,3.1577900122646776,3.017726173319735,1.1694465731728367,0.02660166883559271,3.1709998875784957,1.2457967914677255,1.1905394499470583,1.2181681207073918,0.5624861450525757,1.1959702145264048,1.1429229318192689,0.6534168580769839,0.6534168580769839
105,1.0295859282752433,3.031482045033355,3.0988232159081672,2.9641408741585424,1.1543305592521005,0.02915671003004604,3.1211712553853994,1.2167907786385102,1.1639061124061527,1.1903484455223314,0.5638170101004959,1.1799727930776214,1.1286883254265796,0.6612512199875589,0.6612512199875589
106,1.0322132049059158,2.9748140911112686,3.0395806450924336,2.9100475371301036,1.1398229130594204,0.03170523962287101,3.0706423869852415,1.1892558564933813,1.138575178715442,1.1639155176044116,0.5651679587709576,1.16463871665811,1.1150071094607308,0.6689370390725646,0.6689370390725646
107,1.0348404815365886,2.9178711912491764,2.9801842801252185,2.8555581023731342,1.1257943952128433,0.034247290719751744,3.019531228614037,1.1630371794235157,1.1144009661457825,1.1387190727846492,0.5665378095839134,1.1498364867264907,1.1017523036991959,0.6764739127340447,0.6764739127340447
108,1.0374677581672611,2.860764397415015,2.920750033862253,2.8007787609677774,1.1122629332930296,0.036782896174542466,2.9679508260308713,1.1381279170460632,1.0913787418884078,1.1147533294672356,0.5679254172777883,1.1355853012624233,1.0889405653236357,0.6838617381698974,0.6838617381698974
109,1.0400950347979339,2.8035987556042548,2.8613875802730897,2.74580993093542,1.0991825112767508,0.039312088591816695,2.9160091452696513,1.1145019124747926,1.0694847634124902,1.0919933379436415,0.5693296736830481,1.121839271733734,1.0765257508197674,0.6911006948568928,0.6911006948568928
110,1.0427223114286064,2.7464732540305894,2.802200211312063,2.690746296749116,1.0864970706301544,0.0418349003293811,2.8638089397196222,1.0920258101663112,1.0485918860464423,1.0703088481063767,0.5707495085361485,1.1085424977074423,1.0644516435528666,0.6981912268943922,0.6981912268943922
111,1.0453495880592791,2.689480813348929,2.743284717958414,2.6356769087394443,1.0742198157873182,0.044351363500761125,2.811447660327638,1.0707914323650758,1.0287886758108815,1.0497900540879785,0.5721838902310276,1.095709919085832,1.0527297124888044,0.7051340253325717,0.7051340253325717
112,1.0479768646899517,2.6327083150036694,2.684731292874114,2.580685337133225,1.062247017108861,0.046861509977652024,2.7590174056007113,1.0505844161197129,1.0098693322855166,1.0302268742026146,0.5736318265058656,1.0832372850960394,1.0412567491216826,0.7119300105981137,0.7119300105981137
113,1.0506041413206244,2.576236663827194,2.626623454293345,2.5258498733610426,1.050621060550278,0.049365371392342594,2.706604908038879,1.0315114077629357,0.9919362268732345,1.0117238173180851,0.5750923650627586,1.0711694146594186,1.0300727064411372,0.7185803151189033,0.7185803151189033
114,1.053231417951297,2.520140881080533,2.5690379933471528,2.4712437688139133,1.0392338597819182,0.05186297914010527,2.6542915536174805,1.0134017314874393,0.97482509823869,0.9941134148630647,0.5765645941185978,1.0593976272500452,1.019070092313791,0.725086266238543,0.725086266238543
115,1.0558586945819695,2.4644902242427644,2.5120449497676547,2.416935498717874,1.0280922041352314,0.0543543643815596,2.60215343097899,0.9962740205585069,0.9585537261030908,0.9774138733307988,0.5780476428855167,1.0479302388334426,1.0082541694370202,0.7314493695006614,0.7314493695006614
116,1.0584859712126422,2.409348329998468,2.4557076233447024,2.362989036652234,1.0171350083693982,0.05683955804500424,2.5502614070679863,0.9800662440050054,0.9430625078332806,0.961564375919143,0.5795406819796516,1.0367061345692163,0.9975638821695799,0.737671292372585,0.737671292372585
117,1.0611132478433147,2.3547733770381294,2.40008263006636,2.309464124009899,1.0063332874250908,0.059318590828720076,2.4986812260439,0.9647005839005116,0.928276952226446,0.9464887680634788,0.5810429237574138,1.025696598559526,0.9869699762906553,0.7437538484682973,0.7437538484682973
118,1.0637405244739875,2.300818265479869,2.345220012022836,2.2564165189369016,0.995649514183329,0.06179149320324692,2.447473628440886,0.9502034333697238,0.9142232764578371,0.9322133549137804,0.5825536225785657,1.0148637989609128,0.9764352294057452,0.7496989823208415,0.7496989823208415
119,1.06636780110466,2.247530809919452,2.2911634085000525,2.203898211338852,0.9850433454152568,0.06425829541362901,2.396694487688782,0.936428972400534,0.9007625251271413,0.9185957487638376,0.5840720749959661,1.0041665541763132,0.9659201366542006,0.7555087547458318,0.7555087547458318
120,1.0689950777353325,2.19495394332977,2.237950292214342,2.1519575944451974,0.9744789333523033,0.06671902748163604,2.346394961275282,0.9234465064995474,0.8879632982193418,0.9057049023594446,0.5855976198720811,0.9935677330632987,0.9553901336413079,0.7611853288292854,0.7611853288292854
121,1.0716223543660053,2.1431259292493654,2.185612269740735,2.100639588757996,0.9639251095923088,0.06917371920795477,2.2966216540050377,0.9111088628139162,0.8756865860394467,0.8933977244266815,0.5871296384226209,0.9830344161689241,0.9448158030156936,0.7667309565653443,0.7667309565653443
122,1.074249630996678,2.0920805799166353,2.134175439665033,2.0499857201682374,0.9533356030854276,0.07162240017435413,2.2474167909907616,0.8994338359329455,0.8639526468302322,0.8816932413815888,0.5886675541881742,0.972517717240244,0.9341534889306112,0.7721479661625272,0.7721479661625272
123,1.0768769076273506,2.0418474782253413,2.0836607968699155,2.000034159580767,0.9426922004200343,0.07406509974582456,2.1988183981980094,0.8883478728235454,0.852694495143839,0.8705211839836922,0.5902108329349074,0.9619968202705712,0.9233875805694974,0.7774387500306594,0.7774387500306594
124,1.079504184258023,1.992452201590191,2.0340846676027673,1.9508197355776147,0.9319527125661146,0.07650184707269145,2.1508604885507214,0.8778066570349387,0.841873781283321,0.8598402191591298,0.5917589824856635,0.9514259474072168,0.9124794777250123,0.7826057534547768,0.7826057534547768
125,1.0821314608886958,1.9439165460155323,1.9854591582037613,1.9023739338273034,0.9210931926853636,0.0789326710927019,2.1035732517854955,0.8677880849018885,0.8314738814858288,0.8496309831938587,0.5933115524832916,0.9407774828218806,0.9014089025488466,0.7876514639571899,0.7876514639571899
126,1.0847587375193684,1.896258748860527,1.937792600762535,1.8547248969585188,0.9100953108126854,0.08135760053308612,2.0569832464240023,0.858207756002437,0.8214188098325182,0.8398132829174776,0.5948681340881443,0.9300291747322165,0.8901614468931542,0.7925784013441646,0.7925784013441646
127,1.087386014150041,1.849493708980847,1.8910899812062827,1.8078974367554113,0.8989141763227863,0.08377666391259586,2.0111135924042594,0.8490730519512769,0.811720758660909,0.830396905306093,0.596428359612008,0.919131319319304,0.8786970333262684,0.7973891084295551,0.7973891084295551
128,1.0900132907807136,1.803633203104297,1.845353338779698,1.7619130674288959,0.887571041935715,0.08618988954351521,1.965984163077074,0.8402910412046066,0.8022960886834131,0.8212935649440098,0.5979919020910102,0.9081015933956139,0.867040490475816,0.8020861424241708,0.8020861424241708
129,1.0926405674113864,1.7586860974625556,1.8005821298204419,1.7167900651046692,0.8759887947379263,0.08859730553365043,1.9216117754300035,0.8318485347842458,0.7931375506497353,0.8124930427169906,0.5995584748003332,0.8968569047107281,0.8551206847651247,0.8066720669766131,0.8066720669766131
130,1.095267844042059,1.7146585538578905,1.7567735525145873,1.6725435552011936,0.8642213119885188,0.09099893978829265,1.8780103775522061,0.8236852476133202,0.7841929601217166,0.8039391038675184,0.6011278307135753,0.8854480916943644,0.8429945322826732,0.8111494448484197,0.8111494448484197
131,1.0978951206727317,1.671554229479984,1.7139228324713895,1.6291856264885787,0.8522059570437224,0.09339482001216036,1.835191232485942,0.8157647557384713,0.7754329363409478,0.7955988460397095,0.6026997619101492,0.8738066776330441,0.8306052364544005,0.8155208312045388,0.8155208312045388
132,1.1005223973034042,1.6293744699244808,1.6720234712829751,1.5867254685659864,0.8399764552945895,0.0957849737113153,1.793163097746253,0.8080430536883502,0.7668208700451591,0.7874319618667547,0.604274098933809,0.8619629032500572,0.817990007339122,0.8197887674977917,0.8197887674977917
133,1.1031496739340767,1.588118494975306,1.6310674616867988,1.5451695282638132,0.8275141929165105,0.09816942819505868,1.7519323999006855,0.8004802982813827,0.7583240999736334,0.7794021991275081,0.6058507101060279,0.8498934295020096,0.8051349563310115,0.8239557759249936,0.8239557759249936
134,1.1057769505647495,1.547783576823674,1.5910454736605277,1.5045216799868204,0.8148187583836296,0.10054821057780283,1.711503403714283,0.7930297086677814,0.7499033869970211,0.7714665478324012,0.6074295007977376,0.8375936512005351,0.7920438655667241,0.8280243544308544,0.8280243544308544
135,1.1084042271954222,1.5083652104894631,1.5519470159096573,1.464783405069269,0.801922134076458,0.1029213477809207,1.6718783754610338,0.7856634395525115,0.7415374084479402,0.7636004240002259,0.6090104126632113,0.8250923942803021,0.7787518738726138,0.8319969722351233,0.8319969722351233
136,1.1110315038260947,1.4698572762979867,1.5137605769549067,1.4259539756410666,0.7887869069946218,0.10528886653457442,1.6330577400950799,0.7783280594492463,0.733180667815549,0.7557543636323977,0.6105934228397457,0.8123472548531891,0.7652265591360544,0.8358760658576921,0.8358760658576921
137,1.1136587804567672,1.4322521943320914,1.4764737495409181,1.3880306391232646,0.775489565617105,0.10765079337952219,1.5950402320464057,0.7710031937266589,0.7248188842417577,0.7479110389842083,0.6121785431173143,0.7994332221711088,0.7515459090631013,0.8396640356161897,0.8396640356161897
138,1.11628605708744,1.3955410708585607,1.440073341523525,1.3510088001935965,0.7619734601092593,0.11000715466890308,1.5578230394922865,0.7636463672241429,0.7164169578086966,0.7400316625164197,0.6137658190815691,0.7862883363057935,0.7376585839127249,0.8433632425700774,0.8433632425700774
139,1.1189133337181125,1.3597138367651525,1.4045454757928368,1.314882197737468,0.7483236863803415,0.11235797657000073,1.5214019419975422,0.7562256334536684,0.7079497531681413,0.732087693310905,0.6153553292347123,0.7729969495895207,0.7236504231711622,0.8469760058857783,0.8469760058857783
140,1.1215406103487853,1.3247593781132525,1.3698756812667505,1.2796430749597545,0.7345174807263346,0.11470328506598824,1.4857714414944145,0.7487267938140105,0.6994087637609145,0.7240677787874625,0.6169471840975294,0.7595323731509421,0.7095025883017272,0.850504600596977,0.850504600596977
141,1.1241678869794578,1.2906656589384111,1.3360489765108694,1.2452823413659528,0.7206007211958516,0.11704310595764979,1.4509248866057431,0.7410939378204487,0.6907465297202406,0.7159202337703447,0.6185415252967252,0.7459390039234425,0.6952624384682609,0.8539512557350724,0.8539512557350724
142,1.1267951636101303,1.2574198364692952,1.303049947158506,1.2117897257800845,0.7065958712944977,0.11937746486508496,1.4168545903610428,0.7333483566762178,0.6819876751277364,0.7076680159019771,0.6201385246413624,0.7322373053522263,0.6809544372367693,0.8573181528048197,0.8573181528048197
143,1.129422440240803,1.225008368969288,1.270862818001805,1.1791539199367713,0.692513733632228,0.12170638722939149,1.3835519413966995,0.7254170720771649,0.6730690142259157,0.6992430431515403,0.6217383831918598,0.7184358713967848,0.6665915958676712,0.8606074245810161,0.8606074245810161
144,1.1320497168714756,1.1934171164172303,1.2394715203811373,1.1473627124533232,0.6784144398319472,0.12402989831432824,1.3510075087496984,0.7173344913865117,0.6640272359952795,0.6906808636908955,0.6233413303255494,0.7045947017346472,0.6522341779292471,0.8638211542024242,0.8638211542024242
145,1.1346769935021483,1.1626314342780466,1.2088597553362768,1.1164031132198164,0.6642802262157641,0.12634802320796099,1.3192111403977045,0.7090554092208652,0.6548250637058575,0.6819402364633613,0.624947622801791,0.6906932051399105,0.6378672472916177,0.8669613745402553,0.8669613745402553
146,1.1373042701328209,1.1326362606110292,1.179011052842991,1.0862614683790675,0.6501905797835827,0.12866078682428617,1.288152055700194,0.7005850402324592,0.6454719255534104,0.6730284828929348,0.6265575438304284,0.6768120593328741,0.6235691002342914,0.8700300678188584,0.8700300678188584
147,1.1399315467634936,1.1034161967837655,1.149908827377203,1.056923566190328,0.6361339284947171,0.1309682139048391,1.2578189319236093,0.6919236661423621,0.6359725322038776,0.6639480991731199,0.6281714021467523,0.6629375406146621,0.609330316374772,0.8730291654673319,0.8730291654673319
148,1.1425588233941661,1.0749555820697339,1.121536429991014,1.0283747341484537,0.6221713852550109,0.13327032902028052,1.228199985050586,0.6830430257920473,0.626305282001834,0.6546741538969406,0.6297895310957535,0.6491318207938775,0.5952109497161444,0.8759605481817072,0.8759605481817072
149,1.145186100024839,1.0472385623993372,1.093877197037319,1.0005999277613555,0.6083171500763954,0.13556715657196794,1.1992830450697158,0.6739908642189203,0.616518208694552,0.6452545364567361,0.6314122877290074,0.635408476088522,0.5812258240642687,0.8788260461779134,0.8788260461779134
150,1.1478133766555114,1.0202491535494866,1.0669144956666836,0.9735838114322898,0.5946064840246468,0.13785872079350614,1.1710556259655636,0.6647045846365921,0.6065580940322945,0.6356313393344434,0.6330400519166158,0.6218032867914798,0.5674096812578138,0.8816274396170447,0.8816274396170447
151,1.150440653286184,0.9939712990468059,1.0406317662009832,0.9473108318926285,0.581073469062958,0.1401450457522825,1.1435049906231243,0.6552583038611812,0.5964965793821466,0.6258774416216639,0.6346732254769836,0.6083510771220406,0.5537958610038753,0.8843664591850502,0.8843664591850502
152,1.1530679299168567,0.96838892306203,1.0150125614870593,0.9217652846370006,0.5677376114034864,0.1424261553509832,1.116618210869549,0.6456150293535702,0.5863036024166547,0.6159593158851124,0.6363122313267111,0.5950716633365345,0.5404035594704384,0.8870447868100557,0.8870447868100557
153,1.1556952065475294,0.9434859785673516,0.990040583332008,0.8969313738026953,0.5546403719255404,0.1447020733290921,1.0903822228750935,0.6358142868165124,0.576018590913129,0.6059164388648207,0.6379575126528643,0.5820080953343438,0.5272726485167369,0.8896640565014149,0.8896640565014149
154,1.158322483178202,0.9192464910252127,0.9656997161258543,0.8727932659245712,0.5417968224676716,0.14697282326437358,1.0647838781371732,0.625863287551856,0.5656512616117244,0.5957572745817902,0.6396095321096684,0.5691759966049953,0.5144176483303479,0.8922258552955887,0.8922258552955887
155,1.1609497598088745,0.8956545978710114,0.9419740577621171,0.8493351379799058,0.529242734792723,0.1492384285743385,1.0398099902700648,0.615768334828361,0.5552102834632181,0.5854893091457896,0.6412687710412468,0.5566129260306861,0.5018725435547597,0.8947317242947646,0.8947317242947646
156,1.1635770364395472,0.8726945840360864,0.9188479479659111,0.8265412201062616,0.5169993779616613,0.15149891251769274,1.0154473778095527,0.6055755543700996,0.5447399199003897,0.5751577371352447,0.6429357287326052,0.5443414296702931,0.48965732625302955,0.8971831597847599,0.8971831597847599
157,1.1662043130702198,0.8503509137737625,0.8963059941604165,0.8043958333871085,0.5050906807495313,0.1537542981957694,0.9916829032661644,0.5952633623019291,0.5342231018461474,0.5647432320740383,0.6446109216894118,0.5323870385947702,0.47779432290429247,0.8995816144207367,0.8995816144207367
158,1.1688315897008925,0.8286082590094052,0.8743330949864293,0.782883423032381,0.4935371149656752,0.15600460855394666,0.9685035086172519,0.5848996737469422,0.5237228938710553,0.5543112838089987,0.6462948829487893,0.5207718225431229,0.4663024073882275,0.9019284984683347,0.9019284984683347
159,1.171458866331565,0.8074515244554918,0.8529144616129718,0.7619885872980119,0.4823619612495959,0.15824986638304675,0.9458962474563244,0.5744697561641969,0.5132277826749095,0.5438487694195532,0.6479881614216764,0.5095209805433393,0.4552029419558526,0.9042251810903555,0.9042251810903555
160,1.1740861429622378,0.7868658697137478,0.8320356369754646,0.7416961024520311,0.47157283103238273,0.1604900943207227,0.9238483140008409,0.5640254501431621,0.5027855292059705,0.5334054896745664,0.6496913212675772,0.4986433087904669,0.4445023532742985,0.9064729916691266,0.9064729916691266
161,1.1767134195929103,0.7668367285685408,0.8116825130766563,0.7219909440604253,0.4612028388919706,0.16272531485282604,0.9023470691433281,0.553579073892224,0.4924081420167255,0.5229936079544748,0.6514049413029729,0.48817468616653914,0.43423099161740214,0.9086732211553906,0.9086732211553906
162,1.179340696223583,0.7473498256866494,0.7918413465027677,0.7028583048705311,0.45124042184234175,0.16495555031476275,0.8813800637478666,0.5431583845782609,0.4821210500651194,0.5126397173216901,0.6531296144432028,0.47810384233357794,0.42437700135110556,0.9108271234358554,0.9108271234358554
163,1.1819679728542556,0.7283911909047225,0.7724987722954503,0.6842836095139947,0.4417249283665714,0.16718082289283065,0.860935059358552,0.5327976941558006,0.471955092192982,0.5023763931743913,0.6548659471791576,0.4684734921514271,0.4149763645817157,0.9129359167115482,0.9129359167115482
164,1.1845952494849281,0.7099471713061122,0.7536418163428685,0.6662525262693558,0.43263807860275694,0.1694011546255452,0.8410000465144829,0.5225101107241712,0.4619219285901213,0.4922160196571463,0.6566145590880518,0.4592653658685876,0.40601079133692625,0.9150007848809649,0.9150007848809649
165,1.1872225261156009,0.6920044412447572,0.7352579064363423,0.6487509760531722,0.4240039938453887,0.17161656740494843,0.8215632608178156,0.5123387627085592,0.45205943311516006,0.4821990979118596,0.6583760823793101,0.45050619657098934,0.39750179111978806,0.9170228789208055,0.9170228789208055
166,1.1898498027462736,0.6745500105066374,0.7173348821673416,0.6317651388459332,0.41581902191773124,0.17382708297790372,0.8026131969438194,0.5022968458224739,0.44237864968189455,0.4723377477521842,0.6601511614746592,0.4421932910004157,0.38944475283504676,0.919003318260458,0.919003318260458
167,1.1924770793769461,0.657571230742095,0.6998610038175829,0.6152814576666071,0.408080615616898,0.176032722947377,0.7841386207176374,0.49242083187514507,0.4329108288201079,0.4626658303476265,0.661940452623261,0.43432512849114296,0.38183610274265306,0.9209431921434841,0.9209431921434841
168,1.1951043560076187,0.6410558003487251,0.6828249604299013,0.599286640267549,0.4008062580901398,0.17823350877370395,0.7661285794407117,0.4827321438700362,0.42367362269078046,0.4532028832804083,0.6637446235505757,0.4269215209839428,0.3746909951963368,0.9228435609740342,0.9228435609740342
169,1.1977316326382912,0.6249917679214289,0.6662158772238472,0.5837676586190105,0.39396238754077123,0.18042946177584213,0.7485724105780249,0.4732579450725603,0.41468943020255533,0.4439736876375578,0.6655643531414112,0.4199479274448171,0.3679768476367254,0.9247054576425661,0.9247054576425661
170,1.200358909268964,0.6093675344231528,0.6500233225498782,0.5687117462964275,0.38759128271166027,0.1826206031326107,0.7314597489640936,0.4640195973118182,0.40597527249911847,0.4349974349054683,0.667400331156241,0.41345060106968184,0.36173196435363875,0.9265298888290335,0.9265298888290335
171,1.2029861858996367,0.5941718541933358,0.6342373145672109,0.5541063938194608,0.3816389087176833,0.18480695388391516,0.7147805326449561,0.45504601304722203,0.3975545107805218,0.42630026191387194,0.6692532579802888,0.4073731108116484,0.35590470662371826,0.928317836280119,0.928317836280119
172,1.2056134625303092,0.5793938349177922,0.6188483278437915,0.5399393419917928,0.37613769564601635,0.1869885349319602,0.6985250074839537,0.4463463161145132,0.38943296019402635,0.41788963815426977,0.6711238444048049,0.4017512268189414,0.3505241644730913,0.9300702580585913,0.9300702580585913
173,1.2082407391609817,0.5650229366768975,0.6038473000826077,0.5261985732711874,0.37105179798267995,0.18916536704244882,0.6826837306534033,0.43796098668228384,0.3816435815960964,0.4098022841391901,0.6730128114395667,0.3965478423237251,0.3455557536416348,0.9317880897634702,0.9317880897634702
174,1.2108680157916545,0.5510489701619028,0.589225639173575,0.5128723011502306,0.36638511330260515,0.19133747084576821,0.6672475731039779,0.42988549171285306,0.3741798501421305,0.4020326709274918,0.6749208901562286,0.39176827153126126,0.3410019550739491,0.9334722457178717,0.9334722457178717
175,1.213495292422327,0.5374620941788922,0.5749752307887576,0.4999489575690269,0.36212699581040225,0.19350486683816207,0.6522077211415311,0.42215401217883275,0.3670687831767317,0.39461139767778225,0.6768488215610833,0.38740230287128347,0.33685168874952104,0.9351236201256493,0.9351236201256493
176,1.2161225690529998,0.5242528125211203,0.5610884467208481,0.4874171783213925,0.3582530281235946,0.19566757538289253,0.6375556771964455,0.4147704291841914,0.36031080915250585,0.3875406191683486,0.6787973564966648,0.3834250008430999,0.3330810554040894,0.936743088194927,0.936743088194927
177,1.2187498456836723,0.5114119702951494,0.5475581541608516,0.47526578642944717,0.3547746446897977,0.19782561671138657,0.6232832598779962,0.40774850068308277,0.35391475840508724,0.380831629544085,0.680767255571142,0.3798498292429588,0.3296994601366366,0.9383315072279171,0.9383315072279171
178,1.221377122314345,0.49893074978191015,0.5343777260910885,0.4634837734727319,0.3516467008870761,0.19997901092437295,0.609382603402768,0.4011096246307141,0.3478958671424585,0.3745027458865863,0.6827592891146564,0.3766297517032334,0.3266636500709189,0.9398897176770475,0.9398897176770475
179,1.2240043989450176,0.48680066591945764,0.5215410529406926,0.45206027889822264,0.34889027919640736,0.20212777799300433,0.59584615649478,0.39483928880864333,0.3422379849340612,0.36853863687135224,0.6847742371608108,0.373788731839928,0.3239918265528867,0.9414185441687001,0.9414185441687001
180,1.2266316755756903,0.47501356145228457,0.509042555576887,0.4409845673276821,0.34645932802691953,0.20427193775996982,0.582666680805392,0.3889832173610131,0.33697692644042004,0.36298007190071657,0.6868128894535044,0.371278961390221,0.3216396946636181,0.9429187964922873,0.9429187964922873
181,1.2292589522063628,0.46356160183807454,0.49687719964323773,0.43024600403291136,0.3443583536369857,0.20641150994059307,0.5698372489585747,0.383504533894545,0.33207660435033975,0.35779056912244234,0.6888760454766785,0.36910696172947693,0.31960974554449445,0.944391270558199,0.944391270558199
182,1.2318862288370354,0.4524372699508722,0.4850405111087504,0.419834028792994,0.3425616033400429,0.20854651412392128,0.5573512422651037,0.37844508332253207,0.3275687707919633,0.3530069270572477,0.6909645145068406,0.3672470554610354,0.31787615121905033,0.9458367493230245,0.9458367493230245
183,1.234513505467708,0.4416333606454574,0.47352859272835107,0.4097381285625637,0.341056039935051,0.21067696977380068,0.5452023481819082,0.3737808059978647,0.3234276668695919,0.3486042364337283,0.6930791156865362,0.3656874707017453,0.31642460916835674,0.9472560036839782,0.9472560036839782
184,1.2371407820983809,0.4311429752275936,0.4623381408642368,0.3999478095909504,0.33982840761599226,0.21280289622994092,0.5333845575692879,0.36952641940243197,0.3196605881351841,0.34459350376880804,0.6952206781180557,0.36441654675480456,0.31524026847717995,0.9486497933431891,0.9486497933431891
185,1.2397680587290534,0.42095951588457725,0.45146646180284883,0.3904525699663057,0.3388577294790656,0.21492431270896872,0.5218921618117445,0.36568506839207443,0.31626418977350657,0.3409746290827905,0.6973900409763916,0.36341475702477527,0.314300701933356,0.9500188676438467,0.9500188676438467
186,1.242395335359726,0.4110766801022096,0.4409114862789704,0.3812418739254488,0.3381347114488113,0.21704123830547056,0.5107197498341475,0.3622403973777815,0.3132175327825917,0.3377289650801866,0.6995880536394455,0.36267559169334845,0.31359383120427414,0.9513639663774573,0.9513639663774573
187,1.2450226119903987,0.4014884551207505,0.4306717804267978,0.37230512981470315,0.3376404180412868,0.21915369199302348,0.4998622050784267,0.3592226488595318,0.3105391181736869,0.3348808835166094,0.7018155758352699,0.36218276796565807,0.31309806811691554,0.9526858205655868,0.9526858205655868
188,1.2476498886210712,0.39218911246205257,0.42074655078558154,0.3636316741385236,0.33736195104328576,0.22126169262521492,0.48931470248167663,0.356592970347337,0.308186718468221,0.332389844407779,0.7040734778047828,0.3619271233122029,0.3127967787743686,0.9539851532170118,0.9539851532170118
189,1.250277165251744,0.3831732025447467,0.4111356403497005,0.35521076473979285,0.3372879919342358,0.22336525893665357,0.4790727054780782,0.35438905718691693,0.306183156273454,0.3302861067301855,0.7063626404788181,0.3619019117861008,0.31267407208237075,0.9552626800601487,0.9552626800601487
190,1.2529044418824165,0.37443554943832175,0.40183951207376345,0.34703158680288004,0.3374059285964152,0.22546440954396696,0.46913196308995647,0.3525774696173958,0.3044885211034423,0.3285329953604191,0.7086839556684774,0.36209978972712964,0.3127120674657008,0.9565191102549451,0.9565191102549451
191,1.255531718513089,0.365971245753342,0.3928592157705829,0.3390832757361011,0.3377064532408935,0.2275591629467914,0.4594885071070695,0.3511757399485472,0.3031055795069859,0.32714065972776657,0.7110383262674486,0.36251780411814205,0.312895102363645,0.957755147082629,0.957755147082629
192,1.2581589951437617,0.35777564771652487,0.38419633426253613,0.3313549611705136,0.338186137454542,0.22964953752874942,0.4501386494179314,0.35017645831671884,0.30201409123564077,0.32609527477617983,0.7134266664656217,0.36316019588730675,0.31321207902177733,0.9589714886178875,0.9589714886178875
193,1.2607862717744345,0.34984437043345934,0.3758529050768623,0.32383583579005637,0.33883151594403177,0.23173555155841769,0.4410789795000754,0.3495756526091678,0.30119528705357135,0.32538546983136957,0.715849901973065,0.3640213202269715,0.31364171166109206,0.9601688283835478,0.9601688283835478
194,1.263413548405107,0.3421732833476613,0.3678313152408961,0.3165152514544265,0.33965601007500856,0.23381722319028517,0.43230636208369483,0.3493850405390807,0.3006424123737767,0.3250137264564287,0.7183089702515335,0.3651252829941884,0.3141867371558287,0.9613478559875848,0.9613478559875848
195,1.2660408250357795,0.33475850593734513,0.360134169010398,0.30938284286429224,0.3406383122200053,0.23589457046570153,0.4238179350446613,0.3495888004475949,0.30032356333528537,0.32495618189144015,0.7208048207550636,0.36645968161722114,0.3148169428227895,0.9625092577481047,0.9625092577481047
196,1.268668101666452,0.32759640363332443,0.35276413159876835,0.3024286756678805,0.3418065492302674,0.2379676113138148,0.4156111075102465,0.3502070966847733,0.3002365007458688,0.32522179871532103,0.7233384151774582,0.3680659774548311,0.3155471210057037,0.9636537173041576,0.9636537173041576
197,1.2712953782971248,0.3206835839818345,0.34572375604388195,0.29564341191978705,0.34315151615950545,0.24003636355250016,0.4076835582118641,0.3512264115333911,0.30034897182158093,0.32578769167748606,0.7259107277041486,0.3699460682887258,0.3163569640302851,0.964781916215327,0.964781916215327
198,1.2739226549277975,0.3140168930559708,0.3390153045462058,0.2890184815657358,0.34469673742250145,0.24210084488927827,0.4000332340940406,0.35265872814475513,0.30064981949925207,0.32665427382200357,0.7285227452706392,0.37213752507430875,0.31725594977069416,0.965894534551504,0.965894534551504
199,1.27654993155847,0.3075934121258759,0.33264057907890904,0.2825462451728427,0.34645426647954053,0.24416107292222514,0.3926583491971231,0.35450445536645714,0.3011175095900587,0.3278109824782579,0.7311754678233873,0.3746658520077525,0.31824268095132857,0.9669922514745746,0.9669922514745746
