,m,spdy,spdy_up,spdy_dn,epk,ret,spd_ret,cb_ret_up,cb_ret_dn,epk_ret,volatility,epk_up,epk_dn,cdf_m,cdf_ret
0,0.7726335363621728,0.15001521286990505,0.18809044749894685,0.11193997824086324,2.743591983585528,-0.25795042254450057,0.11590678442779888,13.60218615688236,8.095192726032023,10.848689441457191,1.7841176622053574,3.439940750506711,2.0472432166643446,-0.0057676591302895375,-0.0057676591302895375
1,0.7772233109074436,0.14944345789510205,0.18974662407491505,0.10914029171528906,3.4929173260958954,-0.2520275684810866,0.11615093913868835,8.121981169605224,4.67167939602878,6.396830282817002,1.7424765317908182,4.434916590759624,2.5509180614321676,-0.00508100023697744,-0.00508100023697744
2,0.7818130854527142,0.14962144879915362,0.192305232504209,0.10693766509409824,4.997525528153877,-0.24613958816714815,0.1169760065355716,5.357489804587213,2.979208849428752,4.1683493270079826,1.7018973531998198,6.423212155413828,3.571838900893926,-0.004395148497499779,-0.004395148497499779
3,0.786402859997985,0.15063630234569114,0.19586504926980744,0.10540755542157484,7.559352609989793,-0.24028607333231308,0.11846081898417268,3.8964928499469327,2.096952915089909,2.9967228825184207,1.6623703616887007,9.82905812441997,5.2896470955596175,-0.003706480561674441,-0.003706480561674441
4,0.7909926345432557,0.15258763132539555,0.20053807021691278,0.1046371924338783,10.136733566010143,-0.23446662283399833,0.12069569250078964,3.1344739126434122,1.6355126466584453,2.3849932796509288,1.623885760676523,13.322187191540435,6.951279940479849,-0.0030109441159524852,-0.0030109441159524852
5,0.7955824090885265,0.15558978898534948,0.20645174704874997,0.10472783092194898,9.359244703347406,-0.2286808424924482,0.12378449915053982,2.784827027194724,1.4126734126500515,2.0987502199223877,1.586433722376546,12.418761106776568,6.299728299918241,-0.002303995534640002,-0.002303995534640002
6,0.8001721836337972,0.15977448519555582,0.2137515801832874,0.10579739020782422,6.346378836474096,-0.22292834493051836,0.12784709870789368,2.7329378480883695,1.3526809564636073,2.0428094022759886,1.550004388414317,8.490395090791655,4.202362582156537,-0.0015805263940946723,-0.0015805263940946723
7,0.8047619581790679,0.1652938279690499,0.22260411779354006,0.10798353814455974,4.106969781560909,-0.2172087494180408,0.1330221846712866,2.9726320033378917,1.442000824171149,2.2073164137545205,1.5145878704537645,5.530928748291054,2.683010814830763,-0.0008347770228436246,-0.0008347770228436246
8,0.8093517327243387,0.17232384866209927,0.2332004150314459,0.11144728229275265,2.8222624348944816,-0.2115216817206158,0.13947060550439674,3.566483292103317,1.7044346606065288,2.635458976354923,1.4801742509177862,3.8192785052960905,1.8252463644928731,-6.023500865670606e-05,-6.023500865670606e-05
9,0.8139415072696095,0.18106857258958042,0.24576001019756366,0.11637713498159719,2.095130633451849,-0.2058667739526778,0.1473792268927198,4.711622038164649,2.231140344911946,3.4713811915382973,1.4467535837124923,2.8436703204672207,1.346590946436477,0.0007504837044736146,0.0007504837044736146
10,0.8185312818148802,0.19176469857413458,0.26053547588689346,0.12299392126137572,1.6708693429930614,-0.2002436644346934,0.15696540453073052,6.796602443260614,3.2085487893947224,5.002575616327668,1.4143158950108556,2.270077562024415,1.071661123961708,0.0016057737745645007,0.0016057737745645007
11,0.8231210563601509,0.20468694938672538,0.2778176010036264,0.13155629776982436,1.4094584009350395,-0.19465199755435164,0.16848213800233813,10.340135256742268,4.896413718576775,7.618274487659521,1.3828511840447109,1.9130303755827769,0.9058864262873022,0.0025152024172887533,0.0025152024172887533
12,0.8277108309054216,0.22015414896602703,0.29794125310204966,0.1423670448300044,1.2417487537178107,-0.18909142363161321,0.1822239735679462,15.144204028864545,7.236445277195687,11.190324653030116,1.3523494239572185,1.6804960590485372,0.8030014483870844,0.0034896975650481332,0.0034896975650481332
13,0.8323006054506924,0.2385360692072549,0.32129195708686414,0.15578018132764565,1.1342952031324711,-0.18356159878749215,0.1985337148230265,18.040567457947876,8.747068850817627,13.393818154382751,1.3228005626840091,1.5278189455366007,0.7407714607283417,0.004541765671880471,0.004541765671880471
14,0.8368903799959632,0.2602610665511431,0.34831320372977803,0.17220892937250823,1.0679489501177841,-0.17806218481644442,0.21780998288414083,15.836358559313942,7.829626679252583,11.832992619283262,1.2941945238580965,1.4292599548779668,0.7066379453576017,0.005685742751902256,0.005685742751902256
15,0.8414801545412338,0.2858244929823375,0.3795144661532295,0.19213451981144547,1.02921681466164,-0.17259284906224712,0.24051563852644714,11.832833790444822,5.990538019222263,8.911685904833542,1.2665212077666426,1.3665822193774588,0.6918514099458213,0.006938082252872402,0.006938082252872402
16,0.8460699290865046,0.31579781309522215,0.4154798501589388,0.2161157760315055,1.007586487032713,-0.16715326429725264,0.26718703333114785,8.720570435811634,4.536087240938099,6.628328838374867,1.239770492326773,1.3256326209209484,0.6895403531444777,0.008317683185694147,0.008317683185694147
17,0.8506597036317753,0.35083828380987203,0.45687723053366536,0.24479933708607873,0.9979197479541936,-0.16174310860491073,0.29844399052838644,6.718583588397275,3.599883510666373,5.159233549531824,1.2139322341009224,1.29953551758691,0.6963039783214771,0.009846261448407723,0.009846261448407723
18,0.8552494781770461,0.39169895041050484,0.5044676244883045,0.2789302763327052,1.0028641496097501,-0.15636206526544968,0.33500032294108095,5.471364886663594,3.025227478774543,4.248296182719069,1.1889962693414304,1.2915850162680098,0.7141432829514904,0.011548766402259325,0.011548766402259325
19,0.8598392527223169,0.4392385761456685,0.5591144197500331,0.319362732541304,1.0322989626284358,-0.15100982264461785,0.3776745690799061,4.700287179575355,2.6847752523877837,3.6925312159815693,1.164952415066481,1.314031296074382,0.7505666291824896,0.013453843324175097,0.013453843324175097
20,0.8644290272675876,0.4944309471967614,0.6217919030795523,0.36706999131397045,1.0962156744945133,-0.14568607408538636,0.42740046273628846,4.217008880213628,2.489478240814128,3.353243560513878,1.1417904701669725,1.3785909524759683,0.8138403965130583,0.015594340215927982,0.015594340215927982
21,0.8690188018128583,0.5583727763634148,0.6935923212293856,0.4231532314974439,1.198552952492691,-0.14039051780251968,0.48523644108025377,3.91390410940208,2.3878308928349297,3.1508675011185048,1.119500216543516,1.4888031072179029,0.908302797767479,0.018007854401591805,0.018007854401591805
22,0.873608576358129,0.6322891661613923,0.7757304494335211,0.48884788288926345,1.32451355583094,-0.13512285677992233,0.5523732382969224,3.732304843267418,2.3520145718928376,3.042159707580128,1.0980714202705624,1.6249930426346495,1.0240340690272307,0.020737310192582847,0.020737310192582847
23,0.8781983509033998,0.7175352889539237,0.8695443461425254,0.565526231765322,1.4306626639703228,-0.12988279867067637,0.6301383074743303,3.640379791964237,2.367596632738866,3.0039882123515516,1.0774938327902621,1.733746966656134,1.1275783612845116,0.023831553446985065,0.023831553446985065
24,0.8827881254486705,0.8155926095950274,0.9764906481146952,0.6546945710753597,1.4615283608778888,-0.12467005569968327,0.7199954709541836,3.6180347065748215,2.4257351413759234,3.0218849239753722,1.057757192133079,1.749854963816189,1.1732017579395888,0.027345941933052287,0.027345941933052287
25,0.8873778999939412,0.928057636929914,1.0981324288903944,0.7579828449694336,1.3898379334276252,-0.11948434456883014,0.8235378369322067,3.6481174002891836,2.5181028563629524,3.083110128326068,1.038851224164178,1.6445380597780084,1.1351378070772415,0.031342901941329826,0.031342901941329826
26,0.891967674539212,1.05662088047068,1.2361173418283702,0.87712441911299,1.2621596185592427,-0.11432538636460333,0.9424716696230071,3.7132648851968977,2.634859325429004,3.174062105312951,1.0207656438566215,1.4765725545396826,1.0477466825788029,0.03589241161769641,0.03589241161769641
27,0.8965574490844828,1.2030334606980784,1.392143548651834,1.0139233727443226,1.131701772617517,-0.10919290646807162,1.0785886106867464,3.8001308874273096,2.767704185377649,3.2839175364024795,1.0034901565890448,1.3095989207425023,0.9538046244925314,0.04107236026347261,0.04107236026347261
28,0.9011472236297535,1.3690587473408495,1.5679108667362847,1.1702066279454144,1.0272841949058764,-0.10408663446716837,1.2337234891522348,3.9067542548680576,2.9157969498080463,3.411275602338052,0.9870144594671123,1.1764944751624682,0.8780739146492845,0.04696872090013504,0.04696872090013504
29,0.9057369981750242,1.55640656884977,1.7650547414070046,1.3477583962925352,0.9579107528980658,-0.0990063040712019,1.4096950136098796,4.04901254602607,3.0917401752935776,3.5703763606598238,0.9713282426687025,1.0863259961033251,0.8294955096928066,0.053675461633130084,0.053675461633130084
30,0.9103267727202949,1.7666480497213968,1.9850611639614646,1.548234935481329,0.9179846765964316,-0.09395165302752573,1.6082270176354823,4.2561326275459646,3.319541656267336,3.7878371419066506,0.9564211908111567,1.031476377488246,0.8044929757046171,0.06129411111458749,0.06129411111458749
31,0.9149165472655657,2.0011100934139634,2.2291616140388846,1.7730585727890422,0.8990232769537331,-0.08892242304030569,1.830848737364577,4.557712046799241,3.625170272979735,4.091441159889488,0.9422829843402688,1.0014782223669167,0.7965683315405494,0.06993288652091834,0.06993288652091834
32,0.9195063218108365,2.2607500238916423,2.498208592017088,2.0232914557661967,0.8936879023813985,-0.08391835969131811,2.0787739390023647,4.971507979992558,4.026409023784034,4.498958501888296,0.9289033009399439,0.9875566837184948,0.7998191210443022,0.07970529119067571,0.07970529119067571
33,0.9240960963561071,2.546012973128633,2.792534367504498,2.299491578752768,0.8974817588030787,-0.07893921236272072,2.352760649740176,5.473734184177842,4.507305552732049,4.990519868454945,0.916271816961764,0.984381730225911,0.8105817873802463,0.09072809598482356,0.09072809598482356
34,0.9286858709013779,2.8566772275115397,3.1117981757827984,2.601556279240281,0.9085000573416692,-0.07398473416173591,2.652955778915688,5.972877471641572,4.993504081469885,5.483190776555729,0.904378208873383,0.9896353686401743,0.827364746043164,0.1031186361619163,0.1031186361619163
35,0.9332756454466486,3.191695790804591,3.4548301133988946,2.928561468210287,0.925800450164086,-0.06905468184719171,2.978731949232506,6.314365277140213,5.352508297041901,5.833436787091057,0.8932121547251711,1.002126607253768,0.8494742930744039,0.11699138637315354,0.11699138637315354
36,0.9378654199919194,3.54904562254503,3.819483155347495,3.2786080897425656,0.9471312309054495,-0.06414881575786369,3.328527163358678,6.3299246486922405,5.433547240968293,5.881735944830267,0.882763335634172,1.0193026991162617,0.8749597626946372,0.13245382164583974,0.13245382164583974
37,0.9424551945371902,3.9255989654728793,4.202507638188643,3.6486902927571156,0.9680428111810687,-0.05926689974256641,3.699701136679735,6.00224337319262,5.211252189412575,5.606747781302598,0.8730214372841424,1.0363277919786158,0.8997578303835216,0.14960163178035124,0.14960163178035124
38,0.9470449690824609,4.317033357613401,4.599464702132974,4.034602013093827,0.9824140159915914,-0.05440870109194307,4.088424722688935,5.460913950467313,4.790256224310211,5.125585087388761,0.8639761514412336,1.046686049220626,0.9181419827625569,0.16851342813043058,0.16851342813043058
39,0.9516347436277316,4.717797737540003,5.00469596713763,4.430899507942376,0.9866244004632246,-0.0495739904719041,4.489620240451373,4.867024518219308,4.309012312541216,4.588018415380262,0.855617177484221,1.0466229017805608,0.9266258991458884,0.18924516036300165,0.18924516036300165
40,0.9562245181730024,5.121150920806617,5.411365562237009,4.830936279376225,0.9813757014716794,-0.044762541858666474,4.896970071739535,4.325560279769029,3.861595718092005,4.093577998930517,0.8479342239483268,1.0369900744349827,0.9257613285083761,0.211824538868564,0.211824538868564
41,0.9608142927182731,5.5192852238410595,5.811587109117465,5.226983338564654,0.971568652473303,-0.03997413247534953,5.3030081286552635,3.8853350414549226,3.4944983435876456,3.689916692521284,0.8409170100817691,1.0230230233339854,0.9201142816126204,0.23624582603556554,0.23624582603556554
42,0.9654040672635438,5.903541995087114,6.196642239355854,5.6104417508183735,0.9635618460797255,-0.03520854273008051,5.699303453318235,3.5400612543755936,3.2051725264790965,3.372616890427345,0.8345552674142451,1.0114009590544504,0.9157227331050005,0.2624654052733639,0.2624654052733639
43,0.9699938418088145,6.264717541362494,6.557288961075244,5.972146121649743,0.9604527889339821,-0.030465556155567976,6.076737435793276,3.267602837337498,2.976016723975039,3.1218097806562684,0.8288387413362707,1.0053073309257303,0.9155982469422339,0.29039854936196896,0.29039854936196896
44,0.9745836163540853,6.593448136013029,6.884148411360272,6.302747860665786,0.9619400882385466,-0.02574495935010247,6.4258665286386805,3.0438438063093765,2.7867760675755755,2.9153099369424758,0.8237571926884778,1.004351318713105,0.9195288577639881,0.31991778057269027,0.31991778057269027
45,0.9791733908993561,6.88065262934035,7.168148399624185,6.593156859056515,0.9641049471133348,-0.021046541919942124,6.737351966671761,2.8492802750629287,2.6207258474016095,2.7350030612322693,0.8193003993600791,1.004388348897473,0.9238215453291967,0.35085313956220787,0.35085313956220787
46,0.9837631654446268,7.118002119134395,7.400993130084001,6.83501110818479,0.9631183439769321,-0.01637009642304596,7.002428296361215,2.6717977945068063,2.4674752811276255,2.5696365378172157,0.815458157895499,1.0014091212574658,0.9248275666963983,0.3829945599267237,0.3829945599267237
47,0.9883529399898976,7.298379715168833,7.5756221201772025,7.021137310160464,0.9575175069903897,-0.011715418314116616,7.213375048649747,2.50568299491298,2.3222837786696022,2.4139833867912914,0.8122202851081785,0.9938905742787217,0.9211444397020576,0.4160963891402476,0.4160963891402476
48,0.9929427145351682,7.416290951043444,7.68661890641752,7.145962995669368,0.9487141995638669,-0.007082305890916321,7.363952068711682,2.348772955766519,2.1835666411305272,2.2661697984485234,0.8095766197007658,0.9832953630451041,0.9141330360826299,0.44988391964474594,0.44988391964474594
49,0.997532489080439,7.46818764086018,7.73053242596469,7.20584285575567,0.9396713911142917,-0.0024705602418201916,7.449759806307028,2.198907312250483,2.0496622578323587,2.124284785041421,0.8075170238906604,0.9726804558332843,0.906662326395299,0.4840616162443947,0.4840616162443947
50,1.0021222636257097,7.452674990122942,7.706081019534626,7.199268960711258,0.9336875632318118,0.0021200148054254164,7.468491531168716,2.052474903937524,1.9174881280249747,1.9849815159812494,0.8060313850400584,0.9654348296057262,0.9019402968578972,0.5183225697540719,0.5183225697540719
51,1.0067120381709804,7.370582784385859,7.614220049659148,7.12694551911257,0.933087446555302,0.0066896127337754486,7.420054417377028,1.9043195612144783,1.7824520010245166,1.8433857811194974,0.8051096172895376,0.9639309877500587,0.9022439053605452,0.5523585924675052,0.5523585924675052
52,1.0113018127162512,7.22489502364477,7.458067693106414,6.991722354183126,0.9377776963481176,0.011238424385818178,7.306549434096578,1.7505574941056368,1.6410969258343175,1.6958272099699772,0.8047416631942845,0.9680430674162734,0.9075123252799617,0.5858703136360468,0.5858703136360468
53,1.015891587261522,7.020546528164358,7.242697629228457,6.798395427100259,0.94653526061749,0.01576663801160055,7.132114155940257,1.5908517490428724,1.4932611865835446,1.5420564678132085,0.8049174953619395,0.9764864687604191,0.916584052474561,0.6185766400791621,0.6185766400791621
54,1.0204813618067927,6.7641078108822565,6.974820106099549,6.553395515664964,0.9564400821556347,0.020274439315375037,6.902645950257089,1.4290443873456786,1.3427003044175274,1.3858723458816031,0.8056271180914397,0.98623465234634,0.9266455119649294,0.6502230164431566,0.6502230164431566
55,1.0250711363520635,6.463389181243786,6.662382513995521,6.26439584849205,0.9629254867415109,0.024762011501297698,6.625433692703201,1.272417870188622,1.1964082228560644,1.2344130465223433,0.8068605690114447,0.9925718141442198,0.9332791593388019,0.6805880410017364,0.6805880410017364
56,1.0296609108973342,6.127000493038743,6.314126011835284,5.939874974242202,0.9628563032416855,0.02922953531810544,6.308732908730688,1.1281741057806771,1.0613049414842013,1.094739523632439,0.808607920718021,0.9922630228062306,0.9334495836771404,0.7094881491843719,0.7094881491843719
57,1.034250685442605,5.7639038008414865,5.9391355666854055,5.588672034997567,0.9558614357522873,0.033677189102799716,5.9613214568455435,1.0001595314997909,0.9411409356578555,0.9706502335788232,0.810859282410095,0.9849211308957982,0.9268017406087765,0.7367802477074914,0.7367802477074914
58,1.0388404599878758,5.382992815043629,5.546417352224044,5.219568277863214,0.9453572195935649,0.03810514882336309,5.592070732091353,0.8890373172511638,0.8366465565560172,0.8628419369035905,0.8136048015222916,0.9740577160256765,0.9166567231614532,0.76236234678038,0.76236234678038
59,1.0434302345331463,4.9927264045401145,5.144530773059123,4.840922036021106,0.936328921578188,0.042513588120534,5.209561683249124,0.7924228906108288,0.7456573985511308,0.7690401445809798,0.8168346653538643,0.9647981003693606,0.9078597427870153,0.7861723790070005,0.7861723790070005
60,1.048020009078417,4.600834794798519,4.741293746793532,4.460375842803507,0.9337912618941364,0.04690267834866581,4.821766923413041,0.7070494962963216,0.6651573729384109,0.6861034346173663,0.8205391026930168,0.9622989888344805,0.9052835349537922,0.8081854992552575,0.8081854992552575
61,1.0526097836236878,4.214107926579665,4.343570666008551,4.0846451871507785,0.9408543692562392,0.05127258861569097,4.435811232763889,0.6302290070023928,0.5926602968383871,0.6114446519203899,0.824708385435717,0.969758608580364,0.9119501299321146,0.8284102241234441,0.8284102241234441
62,1.0571995581689586,3.838266891916117,3.9571438938666423,3.7193898899655915,0.9594934624927008,0.05562348582221793,4.057814062268261,0.560470757583922,0.5267964282547385,0.5436335929193302,0.8293328301980226,0.9892104439909103,0.9297764809944914,0.8468837929306914,0.8468837929306914
63,1.0617893327142294,3.4779123387698085,3.586662609663312,3.3691620678763052,0.991515237682262,0.059955534699780086,3.69281022142098,0.4973607817577526,0.4672000860724466,0.4822804339150996,0.8344027999211634,1.022518765140669,0.960511710223855,0.8636671194932823,0.8636671194932823
64,1.0663791072595001,3.1365387298342924,3.235657809560841,3.037419650107744,1.0380226370523555,0.06426889784826005,3.3447393706055393,0.44116570100695196,0.4141369230184281,0.42765131201269,0.8399087054683348,1.0708256270302252,1.0052196470744859,0.878839663600604,0.878839663600604
65,1.070968881804771,2.816600471489714,2.906609399116712,2.726591543862716,1.098699925601937,0.06856373577251026,3.0164914574421298,0.3921988502678163,0.36790841899082716,0.38005363462932173,0.8458410072127587,1.133810621310579,1.0635892298932952,0.8924944927366769,0.8924944927366769
66,1.0755586563500417,2.519615010317832,2.601050401082248,2.4381796195534156,1.1688532934182927,0.07284020691819057,2.7099937350168437,0.35041332545992987,0.328471385329885,0.3394423553949074,0.8521902166153794,1.2066312969251805,1.1310752899114052,0.9047337376719993,0.9047337376719993
67,1.0801484308953122,2.2462886436720026,2.3196939596880486,2.1728833276559567,1.2365441243277933,0.07709846770684253,2.426325153800273,0.3151835603748843,0.29523597310307703,0.3052097667389807,0.8589468977922192,1.2769525163969828,1.1961357322586037,0.9156645781934851,0.9156645781934851
68,1.084738205440583,1.9966525348589528,2.0625705772392893,1.9307344924786163,1.2894797488103698,0.08133867257022115,2.1658452875512917,0.28570018481824955,0.2674387036367167,0.2765694442274831,0.8661016690701483,1.3320509920520849,1.2469085055686546,0.9253958335648966,0.9253958335648966
69,1.0893279799858537,1.7701987905342822,1.8291653971836,1.7112321838849645,1.3179958458145222,0.08556097398389978,1.928327072666111,0.2610856348779353,0.24425245625194655,0.2526690455649409,0.8736452045298395,1.3618992441340538,1.2740924474949906,0.934035180235862,0.934035180235862
70,1.0939177545311245,1.566009039691492,1.6185479408180363,1.5134701385649478,1.320881551158016,0.08976552250017056,1.7130850922747596,0.24019002750173835,0.22459664310051042,0.23239333530112438,0.8815682355360486,1.3651965349526427,1.2765665673633895,0.9416869787297302,0.9416869787297302
71,1.0985075290763953,1.3828704391361661,1.4294892009260671,1.3362516773462652,1.311000003209446,0.0939524667802551,1.5190935891282595,0.2219543352458892,0.2074775049538371,0.21471592009986315,0.8898615522536488,1.3551958983031023,1.2668041081157895,0.9484506627682598,0.9484506627682598
72,1.103097303621666,1.219376214470385,1.2605631895105434,1.1781892394302267,1.3004321638819574,0.09812195362584383,1.345090614282676,0.20550428576759136,0.1920752090517437,0.19878974740966754,0.8985160051486919,1.3443569726814208,1.256507355082494,0.954419625580925,0.954419625580925
73,1.1076870781669368,1.0740096199937863,1.1102318200823678,1.0377874199052048,1.2997536736840136,0.1022741280099806,1.1896665778940994,0.19022594248549785,0.17781339579729807,0.18401966914139797,0.9075225064741369,1.3435893496012588,1.2559179977667687,0.9596805293345312,0.9596805293345312
74,1.1122768527122076,0.9452115346544208,0.976913347050876,0.9135097222579656,1.319526793712491,0.10640913310730865,1.0513369109126949,0.17594001918876168,0.16452116101021663,0.17023059009948915,0.9168720317389518,1.3637829092302343,1.2752706781947478,0.9643129617292534,0.9643129617292534
75,1.1168666272574783,0.8314328280214394,0.8590355099522885,0.8038301460905902,1.37154552273072,0.11052711032369394,0.928599578423452,0.16281240890240586,0.15234937428913814,0.157580891595772,0.9265556211605025,1.4170793692925736,1.3260116761688663,0.9683893670579042,0.9683893670579042
76,1.121456401802749,0.7311731869691496,0.7550750960749496,0.7072712778633495,1.4697403201951194,0.11462819932524089,0.8199788513530711,0.15118405968722742,0.14161259408950289,0.14639832688836515,0.9365643810985362,1.5177858450700836,1.421694795320155,0.971975185626954,0.971975185626954
77,1.1260461763480198,0.6430083621893736,0.6635859141329838,0.6224308102457634,1.6267857739415197,0.11871253806671571,0.7240571076031468,0.14138241164086313,0.132613979829727,0.13699819573529506,0.9468894854709183,1.6788461680714315,1.574725379811608,0.9751291439005689,0.9751291439005689
78,1.1306359508932906,0.5656078475998001,0.5832172380874412,0.547998457112159,1.8474684726047943,0.1227802628193915,0.6394965666037074,0.13354158995858398,0.12547740443610944,0.12950949719734672,0.9575221771500271,1.9049867582611182,1.7899501869484706,0.9779036469032559,0.9779036469032559
79,1.1352257254385612,0.4977449125590745,0.5127246988410851,0.4827651262770639,2.1082305336506355,0.12683150819832928,0.5650528294432285,0.12766778719633515,0.12020789235756103,0.1239378397769481,0.9684537693389751,2.171678380188992,2.0447826871122796,0.9803452334760024,0.9803452334760024
80,1.139815499983832,0.4383007230259244,0.450975416963937,0.42562602908791175,2.3436402806547956,0.13086640718910938,0.49958195775906905,0.12371331141055081,0.11675936980218962,0.12023634060637022,0.9796756469271726,2.411413208458842,2.2758673528507485,0.9824950633865508,0.9824950633865508
81,1.1444052745291027,0.3862640575037233,0.3969488867766843,0.3755792282307623,2.484348216318024,0.134885091174024,0.44204262476827355,0.12157505535562797,0.11503008821452365,0.1183025717850758,0.9911792678247595,2.5530702111044206,2.4156262215316273,0.9843894127360654,0.9843894127360654
82,1.1489950490743734,0.3407278789117054,0.3497346676445564,0.3317210901788544,2.499879623038376,0.13888768995774733,0.3914946459511621,0.12119242299656612,0.11495023627081805,0.11807132963369207,1.0029561642740314,2.565961352816938,2.4337978932598143,0.986060160447287,0.986060160447287
83,1.1535848236196442,0.3008837861053424,0.3085271181851534,0.2932404540255314,2.435121538618056,0.14287433179249315,0.34709496932434214,0.12250770051153764,0.116437783268271,0.11947274188990432,1.0149979441405124,2.4969807794075938,2.3732622978285183,0.9875352538508314,0.9875352538508314
84,1.1581745981649147,0.26601515188619373,0.2726160573390581,0.2594142464333294,2.376667897833423,0.14684514340267277,0.3080919916415712,0.12527307817418176,0.11920655551305612,0.12223981684361894,1.0272962921764395,2.435642583956445,2.3176932117104014,0.98883914557203,0.98883914557203
85,1.1627643727101855,0.23548956485296912,0.24137118449296774,0.2296079452129705,2.3959552142878353,0.15080025000906652,0.2738188761560572,0.1291132965105023,0.12282095219329354,0.1259671243518979,1.0398429712657986,2.4557969200284315,2.336113508547239,0.9899931971760132,0.9899931971760132
86,1.1673541472554563,0.20875103272618167,0.214220784013531,0.20328128143883234,2.566120765579098,0.15473977535251707,0.24368638379676766,0.1333539116256429,0.12654399602248315,0.129948953824063,1.0526298236402813,2.633358959219228,2.498882571938968,0.9910160474784835,0.9910160474784835
87,1.171943921800727,0.185312274149239,0.19063388525371652,0.1799906630447615,2.975019443330121,0.15866384171715978,0.21717559332427067,0.1370567440715498,0.12940477086412158,0.1332307574678357,1.0656487720720096,3.0604530530483425,2.8895858336119002,0.9919239452211126,0.9919239452211126
88,1.1765336963459978,0.16474732205480258,0.1701182642371584,0.15937637987244677,3.7972346362697644,0.1625725699531981,0.1938307757802414,0.13941978293588858,0.1306163120495251,0.13501804749270682,1.078891821041094,3.921028622295587,3.6734406502439425,0.9927310470597712,0.9927310470597712
89,1.1811234708912686,0.14668458111985716,0.1522318722846417,0.14113728995507263,5.385445530448981,0.16646607949923586,0.17325260157851752,0.1403831619416082,0.13015210766583724,0.13526763480372272,1.092351057876764,5.589111343047765,5.181779717850198,0.9934496826451016,0.9934496826451016
90,1.1857132454365393,0.13080042100074252,0.13659226066058608,0.12500858134089896,8.558105050310989,0.1703444884041764,0.15509179168925608,0.14032315604399623,0.12842307888824053,0.13437311746611838,1.1060186538671513,8.93705774682576,8.179152353796217,0.9940905890816509,0.9940905890816509
91,1.19030301998181,0.11681334237415619,0.12287606065780954,0.11075062409050285,15.429860227642532,0.17420791334869865,0.13904327420212725,0.13992071918849236,0.12611331198574388,0.13301701558711812,1.1198868653551894,16.23068395047302,14.629036504812046,0.9946631173206433,0.9946631173206433
92,1.1948927945270809,0.10447872105684697,0.11081176770974482,0.09814567440394911,31.385201407722516,0.17805646966632002,0.12484087097223125,0.14003453999864396,0.12402820252821456,0.13203137126342926,1.1339480347873214,33.28763611131689,29.48276670412814,0.9951754131305878,0.9951754131305878
93,1.1994825690723516,0.0935841138028699,0.10017094486199316,0.08699728274374666,71.76977887274849,0.18189027136405556,0.11225251324862572,0.14137759071155767,0.12278476807529581,0.13208117939342673,1.148194591747394,76.82122819865887,66.71832954683812,0.9956345752662901,0.9956345752662901
94,1.2040723436176224,0.08394509537979622,0.09076038368382536,0.07712980707576708,189.21728469556,0.1857094311426824,0.10107596772915609,0.1446270966560083,0.12290670896529289,0.1337669028106506,1.1626190539672947,204.5793536940089,173.85521569711113,0.9960467933437418,0.9960467933437418
95,1.2086621181628932,0.0754015882425767,0.0824157877866099,0.0683873886985435,571.9329287802253,0.18951406041661903,0.09113504335811906,0.15061123476249197,0.1249749511675911,0.13779309296504152,1.1772140282849506,625.1367376358402,518.7291199246104,0.9964174677684714,0.9964174677684714
96,1.2132518927081637,0.06781464201439436,0.07499680437071979,0.06063247965806892,1897.5118304039997,0.19330426933342743,0.08227624277729051,0.160386550583961,0.12966731512505011,0.14502693285450557,1.1919722115994016,2098.4748913918766,1696.5487694161227,0.9967513138802574,0.9967513138802574
97,1.2178416672534345,0.06106361877903477,0.06838309378768521,0.05374414377038432,7343.511720821513,0.19708016679294785,0.07436581930238784,0.1752295267390302,0.13771767780964025,0.1564736022743352,1.2068863917847492,8223.7518964126,6463.271545230427,0.9970524522734312,0.9970524522734312
98,1.2224314417987052,0.05504374099476017,0.06247117349932336,0.04761630849019698,33797.4941657563,0.20084186046607214,0.06728719966621917,0.19636868086198514,0.14967466051904085,0.173021670690513,1.2219494485597873,38358.023704680985,29236.964626831625,0.997324487053728,0.997324487053728
99,1.227021216343976,0.04966396093684278,0.05717184443244498,0.04215607744124057,161931.1556298955,0.20458945681316698,0.06093873375718453,0.22421341714507395,0.1653254022213937,0.19476940968323384,1.237154354359471,186410.8835421246,137451.42771766643,0.9975705736004528,0.9975705736004528
100,1.2316109908892467,0.04484511341483999,0.05240806493509432,0.03728216189458566,913324.4099752365,0.20832306110215215,0.055231734569391726,0.25778281019280636,0.18338208966791641,0.22058244993036139,1.252494175143521,1067352.9698098477,759295.8501406254,0.9977934772166344,0.9977934772166344
101,1.2362007654345175,0.04051831679405182,0.04811317693000456,0.032923456658099086,6375867.4749825075,0.21204277742624292,0.05008877423492513,0.29319544810029197,0.20063126660551175,0.24691335735290185,1.2679620711973318,7570976.885967987,5180758.063997029,0.9979956238873989,0.9979956238873989
102,1.2407905399797883,0.03662359072358323,0.044229415010175556,0.029017766436990913,44923618.224379085,0.21574870872136376,0.0454422049099136,0.32316862236084193,0.21202251038756864,0.2675955663742053,1.2835512978717436,54253155.27363852,35594081.17511965,0.9981791442080798,0.9981791442080798
103,1.245380314525059,0.03310866236243537,0.04070664657425174,0.025510678150619002,365265761.7920758,0.21944095678324016,0.041232876346433744,0.34238192903674325,0.21456926402208767,0.27847559652941545,1.2992552063417324,449089247.64700633,281442275.93714535,0.9983459114141435,0.9983459114141435
104,1.2499700890703296,0.02992793607013411,0.03750130298423911,0.02235456915602911,3740083647.6377783,0.22311962228417648,0.03740902491527666,0.35058224774803404,0.20898247470103393,0.2797823612245339,1.3150672442635905,4686524648.000359,2793642647.2751975,0.9984975743138169,0.9984975743138169
105,1.2545598636156003,0.027041604563861954,0.03457547006743419,0.01950773906028972,40552117665.036194,0.22678480478952665,0.03392531173358565,0.3522436663699343,0.198738513627802,0.2754910899988682,1.3309809564597734,51850049326.29951,29254186003.772884,0.9986355858259641,0.9986355858259641
106,1.259149638160871,0.02441488225332722,0.03189611241232897,0.01693365209432547,469870702841.9505,0.23043660277386283,0.030741990155017242,0.3544358533915857,0.18817006140122952,0.2713029573964076,1.346989985556232,613848905827.2834,325892499856.6176,0.9987612277248104,0.9987612277248104
107,1.2637394127061419,0.02201734394830923,0.029434410530073493,0.014600277366544972,6576029193716.579,0.23407511363685127,0.027824185310585434,0.364435272399084,0.18076992076136922,0.2726025965802266,1.3630880725711247,8791321214767.418,4360737172665.74,0.9988756321117928,0.9988756321117928
108,1.2683291872514126,0.019822354350330085,0.027165193545860025,0.012479515154800145,inf,0.23770043371883987,0.02514127058256366,0.3892225036906055,0.17880631423428311,0.28401440896244434,1.379269057455383,inf,inf,0.9989798000650053,0.9989798000650053
109,1.2729189617966834,0.017806575699995997,0.025066452963807037,0.010546698436184958,inf,0.24131265831616422,0.022666327853192954,0.43794863002574286,0.1842666825693689,0.3111076562975559,1.3955268796650677,inf,inf,0.9990746178536307,0.9990746178536307
110,1.2775087363419542,0.015949542647528292,0.023118925355796398,0.008780159939260184,inf,0.24491188169617803,0.020375680072875973,0.5248225788729767,0.19931835547383692,0.3620704671734068,1.4118555786163856,inf,inf,0.999160871047856,0.999160871047856
111,1.282098510887225,0.014233294957394005,0.02130573375158798,0.007160856163200031,inf,0.24849819711201449,0.0182484862698935,0.675181407898516,0.22692844106661217,0.45105492448256407,1.4282492941873732,inf,inf,0.9992392568137131,0.9992392568137131
112,1.2866882854324957,0.012642059930589589,0.019612079075642212,0.005672040785536963,inf,0.2520716968170833,0.016266390416425174,0.93992140047516,0.27183617290812667,0.6058787866916434,1.4447022671477716,inf,inf,0.9993103946369758,0.9993103946369758
113,1.2912780599777665,0.011161977581957083,0.018024974305505644,0.004298980858408523,533748529893420.0,0.25563247207931017,0.014413216757544863,1.417518371969307,0.3380800573833337,0.8777992146763204,1.4612088395257785,861926434297984.4,205570625488855.62,0.999374835687989,0.999374835687989
114,1.2958678345230372,0.009780862595904383,0.016533015137784143,0.003028710054024622,inf,0.25918061319512314,0.012674705231921985,2.321782033232268,0.4253310438961329,1.3735565385642003,1.4777634549611296,inf,inf,0.9994330710108522,0.9994330710108522
115,1.300457609068308,0.008487997928554036,0.015126181885472396,0.001849813971635677,inf,0.26271620950319224,0.011038281491944133,4.161925394144723,0.5089709882695751,2.335448191207149,1.4943606590935166,inf,inf,0.9994855386947051,0.9994855386947051
116,1.3050473836135785,0.007273955624746281,0.013795668101450578,0.0007522431480419846,inf,0.2662393493979264,0.009492856756596408,8.223731351970342,0.4484194252402514,4.3360753886052965,1.5109950997780361,inf,inf,0.9995326301574239,0.9995326301574239
117,1.3096371581588493,0.006130441109619161,0.012533732127369985,-0.0002728499081316631,inf,0.2697501203427345,0.00802865347306182,17.39907313756758,-0.37876471739767104,8.510154210084956,1.527661527494531,inf,-inf,0.999574695665937,0.999574695665937
118,1.31422693270412,0.005050157651372761,0.011333568275711296,-0.0012332529729657737,inf,0.2732486088830531,0.006637053199835866,40.37299626865609,-4.393154606264671,17.989920831195708,1.5443547953837844,inf,-inf,0.9996120491818458,0.9996120491818458
119,1.3188167072493906,0.004026688274470669,0.010189194904793905,-0.002135818355852568,inf,0.2767349006591479,0.005310463771257138,103.61708431874173,-21.719799526434535,40.948642396153595,1.5610698595291712,inf,-inf,0.9996449726303087,0.9996449726303087
120,1.3234064817946614,0.003054392702465547,0.009095356996276172,-0.0029865715913450783,inf,0.28020908041869347,0.004042203100389217,291.71808952005165,-95.7891987305995,97.96444539472607,1.5778017791639587,inf,-inf,0.999673719661082,0.999673719661082
121,1.3279962563399321,0.0021283172765912683,0.008047441208375802,-0.003790806655193264,inf,0.2836712320291332,0.002826397375616804,865.7622907107865,-407.8237253881351,228.96928266132565,1.5945457167457484,inf,-inf,0.9996985189646729,0.9996985189646729
122,1.3325860308852029,0.0012441160985415672,0.007041401680070417,-0.004553169482987282,inf,0.2871214384898282,0.001657891733715891,2832.9722677299064,-1831.8799951557503,500.54613628707807,1.6112969379802005,inf,-inf,0.9997195772007335,0.9997195772007335
123,1.3371758054304737,0.0003979819017231323,0.006073695117442957,-0.005277731313996692,inf,0.29055978194399595,0.000532171769983381,10357.524585435389,-9000.160657233771,678.6819641008079,1.6280508120402037,inf,-inf,0.9997370815912515,0.9997370815912515
124,1.3417655799757444,-0.0004134146785886167,0.005141223876597472,-0.005968053233774705,-inf,0.29398634369044513,-0.0005547055859869412,39773.05050486109,-46169.489674064505,-3198.2195846017107,1.64480281158149,inf,-inf,0.999751202213076,0.999751202213076
125,1.3463553545210152,-0.0011929785557580688,0.004241285953048761,-0.006627243064564898,-inf,0.2974012041951096,-0.0016061730663736234,159466.33439969338,-249174.93665388916,-44854.30112709788,1.6615485124828624,inf,-inf,0.9997620940250901,0.9997620940250901
126,1.350945129066286,-0.001943237281101469,0.0033715309829056702,-0.007258005545108608,-inf,0.3008044431023867,-0.0026252069395240425,697715.6636478133,-1501995.4380785958,-402139.8872153913,1.678283593954703,inf,-inf,0.9997698986719439,0.9997698986719439
127,1.3555349036115567,-0.0026663826215151155,0.002529921442109738,-0.00786268668513997,-inf,0.3041961392462822,-0.003614374709847022,3371480.4801660767,-10478149.336726034,-3553334.4282799787,1.695003838871137,inf,-inf,0.9997747460882976,0.9997747460882976
128,1.3601246781568275,-0.0033643074188680596,0.001714698292693339,-0.008443313130429458,-inf,0.3075763706613684,-0.0045758775453085465,14464745.509111289,-71225577.23759396,-28380415.86424133,1.7117051326806787,inf,-inf,0.9997767559035785,0.9997767559035785
129,1.3647144527020982,-0.00403863817658056,0.0009243506260643375,-0.009001626979225456,-inf,0.31094521459355623,-0.005511587888813938,55198035.93733847,-537536423.3909422,-241169193.72680184,1.7283834642340992,inf,-inf,0.9997760387162572,0.9997760387162572
130,1.369304227247369,-0.004690764059010234,0.0001575886695704843,-0.009539116787590953,-inf,0.31430274751068754,-0.006423083055022741,77313315.39934038,-4679909709.500427,-2301298197.0505433,1.74503492548205,inf,-inf,0.9997726972129894,0.9997726972129894
131,1.3738940017926398,-0.005321862740158993,-0.0005866802616784194,-0.010057045218639567,-inf,0.3176490451129494,-0.007311675297068183,-2703913985.1713295,-46351287050.94504,-24527600518.058186,1.761655710323521,-inf,-inf,0.9997668271502352,0.9997668271502352
132,1.3784837763379105,-0.005932923372796252,-0.0013093731375138484,-0.010556473608078655,-inf,0.3209841823431152,-0.00817843861565563,-54514455147.83599,-439508334591.01105,-247011394869.42352,1.778242115782351,-inf,-inf,0.9997585182591027,0.9997585182591027
133,1.3830735508831813,-0.006524767209384594,-0.0020112503950687425,-0.011038284023700445,-inf,0.32430823339661563,-0.009024232952969696,-896901096929.4587,-4922434856122.162,-2909667976525.8105,1.7947905406867946,-inf,-inf,0.9997478550166665,0.9997478550166665
134,1.387663325428452,-0.0070980660278433805,-0.0026929330859521107,-0.01150319896973465,-inf,0.32762127173144223,-0.009849725908307868,-28664483273635.52,-122443909275480.62,-75554196274558.06,1.8112974856428155,-inf,-inf,0.9997349173477122,0.9997349173477122
135,1.3922530999737226,-0.007653358675264552,-0.003354918280427721,-0.011951799070101382,-inf,0.33092337007788797,-0.010655412340847855,-inf,-inf,-inf,1.8277595528376271,-inf,-inf,0.9997197812462636,0.9997197812462636
136,1.3968428745189934,-0.008191065959814128,-0.003997592939343265,-0.012384538980284993,-inf,0.33421460044812773,-0.011441632120681444,-inf,-inf,-inf,1.844173445728467,-inf,-inf,0.9997025193241452,0.9997025193241452
137,1.4014326490642641,-0.008711504070621795,-0.004621246428864682,-0.012801761712378908,-inf,0.33749503414564075,-0.012208586227025623,-inf,-inf,-inf,1.8605359683027807,-inf,-inf,0.9996832012928459,0.9996832012928459
138,1.4060224236095349,-0.009214896693277755,-0.005226081828352629,-0.01320371155820288,-inf,0.3407647417744797,-0.012956351381993877,-5.834558937303704e+16,-1.4741030815772125e+17,-1.0287794876537915e+17,1.8768440249876817,-inf,-inf,0.9996618943961871,0.9996618943961871
139,1.4106121981548057,-0.009701385976913862,-0.0058122261797940375,-0.013590545774033687,-inf,0.34402379324838883,-0.01368489339804267,-103593927382206.86,-242230424014520.12,-172912175698363.5,1.8930946199150571,-inf,-inf,0.9996386637843853,0.9996386637843853
140,1.4152019727000764,-0.010171042471386255,-0.006379739786690156,-0.013962345156082353,-inf,0.3472722577997736,-0.014394079369922088,-50448767201987.4,-110409377799785.25,-80429072500886.33,1.9092848568249274,-inf,-inf,0.9996135728511734,0.9996135728511734
141,1.419791747245347,-0.010623874157196567,-0.006928624676747566,-0.014319123637645568,-inf,0.35051020398852517,-0.015083688852160802,-inf,-inf,-inf,1.92541193800766,-inf,-inf,0.99958668351735,0.99958668351735
142,1.4243815217906177,-0.011059834655077816,-0.007458832307641848,-0.014660837002513784,-inf,0.353737699710703,-0.015753424116752353,-inf,-inf,-inf,1.941473164209274,-inf,-inf,0.9995580564887304,0.9995580564887304
143,1.4289712963358885,-0.011478830703878923,-0.00797027059850187,-0.014987390809255976,-inf,0.35695481220707675,-0.016402919591342064,-inf,-inf,-inf,1.957465933808419,-inf,-inf,0.9995277514732959,0.9995277514732959
144,1.4335610708811592,-0.011880728988404643,-0.008462810360388715,-0.015298647616420571,-inf,0.36016160807153225,-0.017031750571466192,-inf,-inf,-inf,1.9733877424911586,-inf,-inf,0.9994958273721606,0.9994958273721606
145,1.43815084542643,-0.012265362359850845,-0.008936291167744657,-0.015594433551957033,-inf,0.36335815325934256,-0.017639441247281007,-inf,-inf,-inf,1.9892361819596713,-inf,-inf,0.9994623424338895,0.9994623424338895
146,1.4427406199717008,-0.012632535546468815,-0.009390526754918437,-0.015874544338019193,-inf,0.36654451309530756,-0.018225472166126966,-inf,-inf,-inf,2.005008940161626,-inf,-inf,0.9994273544002535,0.9994273544002535
147,1.4473303945169715,-0.012982030351450624,-0.009825309941628507,-0.01613875076127274,-inf,0.3697207522817637,-0.01878928711019633,-inf,-inf,-inf,2.0207037997295982,-inf,-inf,0.9993909206107627,0.9993909206107627
148,1.4519201690622423,-0.013313610426862299,-0.010240417161982217,-0.01638680369174238,-inf,0.37288693490646796,-0.01933029950179874,-inf,-inf,-inf,2.0363186375460276,-inf,-inf,0.9993530980987825,0.9993530980987825
149,1.456509943607513,-0.013627025664794123,-0.010635612636911271,-0.016618438692676974,-inf,0.3760431244503563,-0.01984789838256742,-inf,-inf,-inf,2.051851424671874,-inf,-inf,0.9993139436710646,0.9993139436710646
150,1.4610997181527838,-0.013922016193534142,-0.0110106521822296,-0.016833380204838683,-inf,0.37918938379518075,-0.020341453936491227,-inf,-inf,-inf,2.0673002251713894,-inf,-inf,0.9992735139639182,0.9992735139639182
151,1.4656894926980546,-0.01419831599341373,-0.0113652866614481,-0.01703134532537936,-inf,0.3823257752310265,-0.020810322565553242,-inf,-inf,-inf,2.0826631936755113,-inf,-inf,0.9992318654701713,0.9992318654701713
152,1.4702792672433251,-0.014455656338161565,-0.011699265267272278,-0.017212047409050853,-inf,0.38545236046371145,-0.021253851808393516,-inf,-inf,-inf,2.0979385773736428,-inf,-inf,0.9991890545939028,0.9991890545939028
153,1.474869041788596,-0.014693768829094928,-0.012012338429227148,-0.017375199228962707,-inf,0.3885692006220709,-0.021671384753230376,-inf,-inf,-inf,2.113124713709465,-inf,-inf,0.9991451376536101,0.9991451376536101
154,1.4794588163338667,-0.014912388157401146,-0.01230426046450318,-0.017520515850299113,-inf,0.391676356265128,-0.02206226413205987,-inf,-inf,-inf,2.1282200285311283,-inf,-inf,0.9991001708821265,0.9991001708821265
155,1.4840485908791374,-0.015111254741180524,-0.012574792102721284,-0.017647717379639764,-inf,0.39477388738915425,-0.02242583630506464,-inf,-inf,-inf,2.1432230371109386,-inf,-inf,0.9990542104367514,0.9990542104367514
156,1.4886383654244082,-0.015290117010237553,-0.012823702685449419,-0.017756531335025687,-inf,0.3978618534346205,-0.02276145479326797,-inf,-inf,-inf,2.1581323420131695,-inf,-inf,0.9990073123787924,0.9990073123787924
157,1.493228139969679,-0.01544873352585649,-0.013050772204193815,-0.017846694847519166,-inf,0.40094031329304103,-0.023068483627701905,-756377240553129.9,-1034332190506130.2,-895354715529630.0,2.172946632205488,-inf,-inf,0.998959532652954,0.998959532652954
158,1.4978179145149495,-0.015586874900669456,-0.013255793148647516,-0.017917956652691396,-67430310929887.375,0.40400932531371225,-0.023346300457526135,-inf,-inf,-inf,2.187664682176914,-57345828418574.29,-77514793441200.45,0.9989109270617909,0.9989109270617909
159,1.5024076890602203,-0.015704325590372298,-0.013438572228504371,-0.017970078952240225,-12912407645054.248,0.40706894731034954,-0.02359429951848052,-inf,-inf,-inf,2.2022853520357186,-11049460340298.502,-14775354949809.996,0.9988615512376987,0.9988615512376987
160,1.506997463605491,-0.015800885288669908,-0.01359893172725107,-0.018002838850088746,-16291692876208.281,0.4101192365676209,-0.02381189405274687,-1.294411197981126e+16,-1.713596087574085e+16,-1.5040036427776054e+16,2.2168075834759318,-14021342165160.969,-18562043587255.594,0.9988114605903896,0.9988114605903896
161,1.5115872381507618,-0.01587637051864549,-0.01373671102307328,-0.018016030014217695,-20831255106060.67,0.4131602498475828,-0.02399851906413751,-59669396426345.305,-78257862099714.08,-68963629263029.695,2.231230402559799,-18023825489825.406,-23638684722295.934,0.9987607102822964,0.9987607102822964
162,1.5161770126960326,-0.015930615673760917,-0.01385176760106968,-0.018009463746452153,-17936278703033.062,0.41619204339601823,-0.02415363328265142,-41888213257479.06,-54461226883850.52,-48174720070664.79,2.2455529151594895,-15595703851650.03,-20276853554416.094,0.9987093551644535,0.9987093551644535
163,1.5207667872413033,-0.015963474238714415,-0.01394397822287978,-0.01798297025454905,-9912454784627.564,0.41921467294867837,-0.02427672143121903,-60355135008648.81,-77837513815742.95,-69096324412195.88,2.259774308310213,-8658456898869.806,-11166452670385.324,0.9986574497409465,0.9986574497409465
164,1.525356561786574,-0.015974819775713744,-0.014013239873025066,-0.017936399678402423,-13942973155816.22,0.42222819373743076,-0.02436729616824289,-37596249069731.16,-48121730294615.445,-42858989682173.3,2.2738938496295633,-12230887742010.365,-15655058569622.076,0.9986050481170383,0.9986050481170383
165,1.5299463363318448,-0.01596454632545835,-0.014059470153962035,-0.017869622496954667,-12663196524778.443,0.42523266049631486,-0.02442489916183502,-36331474672214.81,-46177397159393.805,-41254435915804.31,2.287910879797418,-11152075979131.635,-14174317070425.252,0.9985522039159883,0.9985522039159883
166,1.5345361108771156,-0.01593256972064261,-0.01408260852698089,-0.017782530914304328,-10455672006106.455,0.42822812746750694,-0.0244491035753934,-22620302234639.598,-28563332070739.727,-25591817152689.664,2.3018248212905563,-9241643898644.83,-11669700113568.078,0.9984989702695419,0.9984989702695419
167,1.5391258854223864,-0.01587882777719074,-0.01408261650114548,-0.017675039053236,-10966906644992.535,0.4312146484071962,-0.02443951486203828,-31259557611944.984,-39233753296702.125,-35246655454323.555,2.3156351712319174,-9726331354707.701,-12207481935277.367,0.9984453997323518,0.9984453997323518
168,1.5437156599676571,-0.015803280600240943,-0.014059477920852211,-0.017547083279629675,-16962228040340.594,0.43419227659137266,-0.02439577174145502,-21366219600448.035,-26666341155091.21,-24016280377769.62,2.3293414982412073,-15090542062386.268,-18833914018294.92,0.998391544217277,0.998391544217277
169,1.5483054345129277,-0.015705911381816817,-0.014013199714135964,-0.017398623049497672,-32555740606868.766,0.43716106482153,-0.024317547946445424,-19853239465153.676,-24649547341937.504,-22251393403545.59,2.342943447741905,-29047031011127.79,-36064450202609.74,0.9983374549671747,0.9983374549671747
170,1.5528952090581984,-0.015586725986696859,-0.013943811491302513,-0.017229640482091205,-25187649328328.023,0.4401210654302838,-0.02420455210964447,-26998815142533.0,-33361027480788.934,-30179921311660.97,2.3564407315971696,-22532752192025.105,-27842546464630.94,0.9982831824576537,0.9982831824576537
171,1.5574849836034692,-0.015445753941938867,-0.01385136647033997,-0.01704014141353776,-77783569285629.4,0.4430723302869059,-0.024056529825003874,-27626254414955.69,-33986197893561.51,-30806226154258.6,2.3698331384109723,-69754362758616.414,-85812775812642.39,0.9982287763885731,0.9982287763885731
172,1.56207475814874,-0.015283047799358906,-0.013735940854854642,-0.01683015474386317,-28924047433651.184,0.44601491080277894,-0.023873263194959197,-28583151112103.12,-35021907954263.016,-31802529533183.066,2.3831205228596453,-25996058511857.09,-31852036355445.277,0.9981742855884502,0.9981742855884502
173,1.5666645326940107,-0.01509868335021719,-0.013597634018710739,-0.016599732681723642,-141476408408766.12,0.44894885793676964,-0.023654571695162854,-25547160682847.277,-31187487288506.543,-28367323985676.91,2.396302807768999,-127411402650309.88,-155541414167222.34,0.9981197579762473,0.9981197579762473
174,1.5712543072392815,-0.014892759452671434,-0.013436568317533752,-0.016348950587809115,-100871053368432.14,0.451874222200524,-0.023400312436688515,-30176676267286.066,-36717484519791.91,-33447080393538.99,2.409379982172106,-91008036768055.75,-110734069968808.53,0.9980652405025934,0.9980652405025934
175,1.575844081784552,-0.014665397617722009,-0.013252888669080698,-0.01607790656636332,-inf,0.4547910536636851,-0.023110380042904496,-47687156865702.7,-57852266901708.07,-52769711883705.39,2.4223520971219648,-inf,-inf,0.9980107790969853,0.9980107790969853
176,1.5804338563298228,-0.014416742489794021,-0.0130467629830926,-0.015786721996495442,-inf,0.4576994019590357,-0.022784707928859175,-46431089692433.586,-56182112445722.18,-51306601069077.88,2.435219273976274,-inf,-inf,0.9979564186364409,0.9979564186364409
177,1.5850236308750936,-0.014146960542515186,-0.012818380885859418,-0.015475540199170953,-inf,0.4605993162875645,-0.022423266764944102,-39777371108736.3,-48022937615285.11,-43900154362010.7,2.447981690801705,-inf,-inf,0.9979022028699659,0.9979022028699659
178,1.5896134054203643,-0.013856240171125134,-0.012567953775919745,-0.015144526566330523,-inf,0.4634908454234616,-0.022026065124744677,-51585470266219.61,-62161075606457.97,-56873272936338.79,2.460639587264108,-inf,-inf,0.9978481743909782,0.9978481743909782
179,1.594203179965635,-0.01354479148315929,-0.012295714591177238,-0.014793868375141343,-inf,0.4663740377190396,-0.021593149654423993,-23786407596191.777,-28619156738399.19,-26202782167295.484,2.4731932663176117,-inf,-inf,0.9977943745964246,0.9977943745964246
180,1.5987929545109059,-0.013212845081594815,-0.012001916606433356,-0.014423773556756274,-inf,0.4692489411095861,-0.021124603625497864,-103718802597230.44,-124648135068564.86,-114183468832897.64,2.4856430844391912,-inf,-inf,0.9977408436322305,0.9977408436322305
181,1.6033827290561766,-0.012860651796626543,-0.011686833141233465,-0.014034470452019622,-inf,0.47211560311814454,-0.020620546975116286,-67805766910716.125,-81426509704111.2,-74616138307413.66,2.4979894537197245,-inf,-inf,0.9976876203693611,0.9976876203693611
182,1.6079725036014474,-0.012488482449459715,-0.011350757293753823,-0.013626207605165606,-inf,0.4749740708602286,-0.020081136390440475,-80630424166031.88,-96794149548374.67,-88712286857203.28,2.5102328456051266,-inf,-inf,0.9976347423637995,0.9976347423637995
183,1.6125622781467182,-0.012096626640275443,-0.010994000742452372,-0.013199252538098514,-inf,0.477824391048468,-0.01950656381293285,-69430664569463.08,-83357541718332.52,-76394103143897.8,2.5223737823491863,-inf,-inf,0.9975822458278423,0.9975822458278423
184,1.617152052691989,-0.011685392029831487,-0.010616893011913542,-0.012753891047749433,-inf,0.4806666099971894,-0.018897055707552596,-104269049102083.25,-125256616074792.81,-114762832588438.03,2.5344128361034564,-inf,-inf,0.9975301655967505,0.9975301655967505
185,1.6217418272372597,-0.011255103728642024,-0.010219780848389811,-0.012290426608894237,-inf,0.48350077362693117,-0.01825287248663281,-191912429729182.9,-230796106874710.6,-211354268301946.75,2.5463506287895132,-inf,-inf,0.9974785351097084,0.9974785351097084
186,1.6263316017825304,-0.010806103449792881,-0.009803027364886542,-0.01180917953469922,-inf,0.4863269274688956,-0.017574307532529383,-inf,-inf,-inf,2.558187829865801,-inf,-inf,0.9974273863893119,0.9974273863893119
187,1.6309213763278012,-0.010338749643283573,-0.009367012134100138,-0.011310487152467009,-inf,0.4891451166693376,-0.01686168779773261,-426821598961090.2,-515378878807079.25,-471100238884084.75,2.56992516623432,-inf,-inf,0.9973767500122604,0.9973767500122604
188,1.635511150873072,-0.00985341491676106,-0.008912128659479478,-0.010794701174042643,-inf,0.4919553859938917,-0.016115369970541776,-107960679917633.39,-130765984512322.56,-119363332214977.98,2.5815633999526417,-inf,-inf,0.9973266551057014,0.9973266551057014
189,1.6401009254183427,-0.009350485750300341,-0.008438784057936261,-0.010262187442664421,-inf,0.4947577798318391,-0.015335740332178617,-1873215953234565.8,-2277969562996918.5,-2075592758115742.2,2.5931033344964334,-inf,-inf,0.9972771293284436,0.9972771293284436
190,1.6446906999636135,-0.008830361982072432,-0.007947398529845322,-0.009713325434299543,-inf,0.4975523422003144,-0.01452321422922679,-423030473369919.2,-517028640383003.8,-470029556876461.5,2.60454581639506,-inf,-inf,0.9972281988719855,0.9972281988719855
191,1.649280474508884,-0.008293455866352162,-0.0074384044084703045,-0.009148507324234018,-inf,0.5003391167484537,-0.013678234826575781,-46934423173786.4,-57724733771551.555,-52329578472668.98,2.6158917342033297,-inf,-inf,0.9971798884425714,0.9971798884425714
192,1.6538702490541546,-0.007740192407798052,-0.006912246455245221,-0.008568138360350884,-inf,0.503118146761486,-0.01280127394521204,-150614328417901.44,-186695369340693.72,-168654848879297.56,2.6271420306625863,-inf,-inf,0.9971322212433545,0.9971322212433545
193,1.6584600235994253,-0.007171003413373012,-0.006369376045285554,-0.007972630781460469,-inf,0.5058894751647669,-0.011892822490174164,-inf,-inf,-inf,2.638297644072967,-inf,-inf,0.9970852190514758,0.9970852190514758
194,1.6630497981446961,-0.006586334633423563,-0.005810258077850216,-0.007362411188996909,-inf,0.5086531445277565,-0.010953402482628478,-225529445802869.94,-285777411774053.4,-255653428788461.66,2.649359599064881,-inf,-inf,0.9970389020900887,0.9970389020900887
195,1.6676395726899669,-0.005986636787630839,-0.005235362219775741,-0.006737911355485937,-inf,0.5114091970679432,-0.009983552414374729,-inf,-inf,-inf,2.660328912977839,-inf,-inf,0.9969932891762346,0.9969932891762346
196,1.6722293472352376,-0.005372369698573354,-0.004645166894702889,-0.0060995725024438185,-inf,0.5141576746547136,-0.00898383427415169,-inf,-inf,-inf,2.6712066526271547,-inf,-inf,0.9969483976356581,0.9969483976356581
197,1.6768191217805084,-0.004743999223274842,-0.004040156268806629,-0.005447842177743054,-inf,0.5168986188131687,-0.007954828611299133,-inf,-inf,-inf,2.681993908157592,-inf,-inf,0.9969042433592931,0.9969042433592931
198,1.6814088963257792,-0.004101996547491826,-0.003420819535518412,-0.004783173559465241,-inf,0.5196320707278878,-0.0068971334876503886,-inf,-inf,-inf,2.6926917935702113,-inf,-inf,0.9968608408228321,0.9968608408228321
199,1.68599867087105,-0.003446839241633526,-0.002787651918984056,-0.004106026564282996,-inf,0.5223580712466424,-0.005811366380100302,-inf,-inf,-inf,2.703301469195269,-inf,-inf,0.9968182030323497,0.9968182030323497
