,m,spdy,spdy_up,spdy_dn,epk,ret,spd_ret,cb_ret_up,cb_ret_dn,epk_ret,volatility,epk_up,epk_dn,cdf_m,cdf_ret
0,0.307358736293482,0.016165385259494167,0.15586085583895776,-0.12353008531996941,2.2159338529432975,-1.1797396914569318,0.004968572385055409,571580068397839.4,-453015186117889.94,59282441139974.75,1.4174740383167164,21.365240682984428,-16.93337297709783,0.008410930129668315,0.008410930129668315
1,0.3192814422427289,0.018217424260743173,0.1814821155209716,-0.14504726699948522,1.938361429376146,-1.1416823010796957,0.00581648549191776,990165197535150.9,-791376909885550.9,99394143824799.97,1.3866738014013058,19.3099709274206,-15.433248068668304,0.008615354244547735,0.008615354244547735
2,0.3312041481919759,0.020705297383208185,0.20974062970594992,-0.16833003493953358,1.745159689309545,-1.1050203318152394,0.006857680382867015,549523006307805.4,-441026743275989.7,54248131515907.836,1.356611556425605,17.678127746673745,-14.187808368054657,0.008847651093617626,0.008847651093617626
3,0.3431268541412229,0.023634414541355116,0.2406459562496583,-0.19337712716694805,1.6066165604535245,-1.0696550630426747,0.008109602311044755,706060421939678.6,-567372658692543.9,69343881623567.336,1.3272813679620787,16.35859343333273,-13.145360312425678,0.00911311323414854,0.00911311323414854
4,0.35504956009046984,0.027015718126719084,0.27420001397830396,-0.22016857772486578,1.5034938379338016,-1.035497893362069,0.009591918836419742,144073285764960.7,-115683474828449.2,14194905468255.738,1.298677119147234,15.259932363967437,-12.252944688099834,0.009417126072198023,0.009417126072198023
5,0.36697226603971683,0.030866069176348866,0.31039857545762944,-0.2486664371049317,1.424045517770383,-1.0024690031571444,0.011326991349383399,78679307758351.8,-63031549372630.52,7823879192860.635,1.2707925162608047,14.320634661230153,-11.472543625689386,0.009765237080710643,0.009765237080710643
6,0.3788949719889638,0.035208628939373446,0.3492327613679567,-0.27881550348920986,1.3598599638832194,-0.9704962310668387,0.013340372475753723,26497032174260.117,-21154325091660.72,2671353541299.699,1.2436210935264917,13.48838806187032,-10.768668134103882,0.010163229665228424,0.010163229665228424
7,0.39081767793821076,0.04007324996559379,0.39069051114610653,-0.3105440112149189,1.304762173260593,-0.939514124580168,0.01566133449899085,9358764407661.63,-7438901525007.312,959931441327.1599,1.2171562181090974,12.72066031162822,-10.111135965107033,0.01061720168520952,0.01061720168520952
8,0.40274038388745775,0.04549688636890996,0.43475800757156946,-0.3437642348337495,1.2543665083681512,-0.9094631333430343,0.01832343348189884,3275202455143.282,-2589710704138.3335,342745875502.47406,1.1913910953222029,11.986444072693795,-9.47771105595749,0.01113364878229195,0.01113364878229195
9,0.41466308983670475,0.0515240290079898,0.48142103594174723,-0.37837297792576763,1.2057163747544652,-0.8802889201840525,0.021365113069289055,1164744866336.5664,-915431505267.3418,124656680534.6122,1.1663187740252503,11.26575769329319,-8.85432494378426,0.011719552759409613,0.011719552759409613
10,0.4265857957859517,0.05820716764291191,0.5306662611834828,-0.414251925897659,1.1570633611963268,-0.8519417698284492,0.024830350929397872,423301800874.0481,-330440427580.51215,46430686646.768,1.141932152214682,10.54877797190359,-8.234651249510936,0.012382475301344398,0.012382475301344398
11,0.4385085017351987,0.06560727844345904,0.582482408250445,-0.4512678513635269,1.107665229292456,-0.8243760791361867,0.02876934937316522,157217012737.00345,-121801075072.32272,17707968832.34036,1.1182239827909173,9.834206289315697,-7.618875830730786,0.013130657329454065,0.013130657329454065
12,0.45043120768444567,0.07379433130925112,0.6368613323905068,-0.4892726697720045,1.0575557737071377,-0.7975499157371986,0.03323926977189208,59446851674.44417,-45670412614.1875,6888219530.128337,1.0951868794984148,9.126939253611294,-7.0118277061970185,0.01397312423951036,0.01397312423951036
13,0.46235391363369266,0.08284780714196188,0.6937989660930213,-0.5281033518090976,1.0072953167508727,-0.7714246343383337,0.03830500786805547,22735941351.56739,-17306060431.182556,2714940460.192418,1.0728133230265333,8.435473109319384,-6.420882475817639,0.01491979717776415,0.01491979717776415
14,0.47427661958293965,0.09285721032502606,0.7532961286638389,-0.5675817080137868,0.9573925762709471,-0.7459645418889091,0.0440400038168554,8916654465.817598,-6718380433.541256,1099137016.138171,1.0510956672560754,7.766764894099258,-5.851979741557364,0.015981610361212484,0.015981610361212484
15,0.4861993255321866,0.10392255608353723,0.8153591824169004,-0.6075140702498261,0.9090222756372079,-0.7211366043240574,0.05052707667539664,3585458459.16632,-2671480875.193062,456988791.98662907,1.030026145644923,7.132038388918315,-5.3139938376439,0.017170634235283755,0.017170634235283755
16,0.4981220314814336,0.11615480603648454,0.8800005162664453,-0.6476909041934762,0.8633841722308365,-0.6969101888402407,0.057859267949225565,1478111804.6177258,-1087907965.433554,195101919.5920859,1.0095968777351907,6.541085498096094,-4.814317153634421,0.018500203977931284,0.018500203977931284
17,0.5100447374306806,0.12967621806101715,0.9472388331795453,-0.687886397057511,0.8213435836565123,-0.6732568366586646,0.06614067259193517,624698320.2433125,-453656946.59880924,85520686.82225159,0.9897998757681375,5.999623905257794,-4.356936737944769,0.019985052493142752,0.019985052493142752
18,0.5219674433799275,0.1446205685904644,1.0170992125362344,-0.7278580753553054,0.7836460328669623,-0.6501500620484958,0.07548722844731615,270658627.7057864,-193689136.1355013,38484745.78514255,0.9706270513939635,5.511289097425696,-3.94399703169177,0.0216414465797099,0.0216414465797099
19,0.5338901493291746,0.16113319677547056,1.0896129120473161,-0.767346518496375,0.750911875833973,-0.6275651740504505,0.08602742648834324,120214579.27130981,-84659641.83833046,17777468.716489665,0.9520702224589316,5.07780700744419,-3.575983255776244,0.023487324404398602,0.023487324404398602
20,0.5458128552784215,0.179370810766028,1.1648168668201724,-0.8060752452881164,0.7236429967795865,-0.6054791178917885,0.09790289437781118,54736340.03498835,-37878579.86665692,8428880.084165715,0.9341211198540696,4.69926831799102,-3.2519823244318475,0.02554243174507298,0.02554243174507298
21,0.5577355612276684,0.19950098708660358,1.242752835775626,-0.8437508616024187,0.7022356139161534,-0.583870333539019,0.11126879499822068,25549364.349415757,-17346408.362656716,4101477.9933795207,0.9167713944103356,4.374441015663221,-2.9699697878309137,0.02782845369600606,0.02782845369600606
22,0.5696582671769155,0.2217012852124871,1.323466138393871,-0.8800635679688968,0.6869957583392493,-0.5627186292128452,0.12629396996504053,12225699.889532428,-8129707.858454329,2047996.0155390503,0.9000126238213307,4.101084134495602,-2.7270926178171035,0.030369137647236366,0.030369137647236366
23,0.5815809731261624,0.24615789173660196,1.4070039185117391,-0.9146881350385353,0.6781542813981343,-0.5420050680053888,0.1431607462188575,5997359.166200315,-3898861.402383692,1049248.8819083106,0.883836319578142,3.8762345767231388,-2.5199260139268707,0.03319040237152504,0.03319040237152504
24,0.5935036790754094,0.2730637028985411,1.4934128674075189,-0.9472854616104368,0.6758811740045502,-0.521711866004013,0.16206431229223867,3016068.1592735318,-1913119.6609184805,551474.2491775259,0.8682339338983719,3.696462149244107,-2.344699801235007,0.03632042699740423,0.03632042699740423
25,0.6054263850246564,0.3026157518963002,1.5827363368961498,-0.9775048331035494,0.6803245389723583,-0.5018223005482906,0.18321156072209532,1554950.6182759118,-960344.252652227,297303.1828118425,0.8531968666323225,3.558223132689601,-2.1975740547448845,0.03978971254706998,0.03978971254706998
26,0.6173490909739033,0.3350118896973455,1.6750107758921162,-1.0049869964974252,0.6915054741544745,-0.48232062743419135,0.20681928557010584,821830.8090715111,-493088.93311324174,164370.9379791347,0.8387164721293056,3.4574269045899766,-2.074415956281028,0.043631107622205345,0.043631107622205345
27,0.6292717969231503,0.370446636547057,1.7702614323570778,-1.0293681592629635,0.709329737151879,-0.46319200603839805,0.2331116206441037,445276.6503148052,-258918.5967222017,93179.02679630174,0.8247840660473654,3.3896895061819414,-1.971030031878183,0.04787978879475596,0.04787978879475596
28,0.6411945028723973,0.40910613765364456,1.8684972782710547,-1.0502850029637654,0.7335647356138787,-0.4444224314706424,0.26231660655487515,246889.47915571232,-138776.93072516413,54056.2742152741,0.8113909320894883,3.3503865764306444,-1.8832571052028866,0.05257318538775535,0.05257318538775535
29,0.6531172088216441,0.45116218216538506,1.9697051397471115,-1.0673807754163414,0.7637921120028636,-0.4259986729770217,0.29466178514173846,139846.9563532334,-75782.8924237331,32032.031964750156,0.7985283286505732,3.334599636631,-1.8070154126252724,0.05775083771685874,0.05775083771685874
30,0.6650399147708912,0.4967652808672629,2.0738430488798283,-1.0803124871453027,0.7993620482105832,-0.40790821791567733,0.3303687400491023,81278.77556844128,-42339.98143393528,19469.397067253,0.7861874953593099,3.3370919648928044,-1.7383678684716384,0.06345417762657768,0.06345417762657768
31,0.6769626207201382,0.5460368458534364,2.1808328791835807,-1.088759187476708,0.8393631054813073,-0.3901392207106494,0.3696465341787004,48459.37419190716,-24192.861990673086,12133.256100617038,0.7743596595000045,3.35235739475831,-1.6736311837956956,0.06972622042914645,0.06972622042914645
32,0.6888853266693852,0.5990605748814244,2.290552382609743,-1.092431232846894,0.8826213654097831,-0.3726804562623387,0.41268403982193974,29631.48727865793,-14132.12045473072,7749.683411963603,0.7630360423000745,3.3747680222184684,-1.6095252913989018,0.07661115827625753,0.07661115827625753
33,0.7008080326186321,0.6558732132501364,2.4028268121872784,-1.091080385687006,0.9277372809914971,-0.35552127735567846,0.45964121622508863,18577.833812095778,-8435.859787363943,5070.987012365916,0.7522078650695591,3.398815454568542,-1.5433408925855479,0.08415384669671366,0.08415384669671366
34,0.7127307385678792,0.7164549446266337,2.517420388097742,-1.0845104988444747,0.9731384464091407,-0.3386515756613122,0.5106394618343496,11939.4121096105,-5143.526223956484,3397.9429428270078,0.7418663551799137,3.419333740112292,-1.4730568472940109,0.0923991786287568,0.0923991786287568
35,0.7246534445171261,0.7807197455077293,2.634027942780997,-1.0725884517655384,1.0171674008347806,-0.3220617459720818,0.5657512527847101,7862.90995334894,-3201.8135708652158,2330.548191241862,0.7320027518702934,3.4317658438910406,-1.3974310422214793,0.10139134383950543,0.10139134383950543
36,0.736576150466373,0.8485061205513982,2.7522671571796837,-1.0552549160768874,1.058306885434523,-0.30574265335799505,0.6249893719229052,5304.504020594391,-2033.8156237775436,1635.3441984084238,0.7226083118703284,3.432789949830563,-1.3161761789615172,0.11117297617508992,0.11117297617508992
37,0.7484988564156201,0.9195687109020165,2.8716718686667857,-1.0325344468627524,1.0951924024616937,-0.2896856029584641,0.6882961285057453,3664.3287983449773,-1317.5410986906907,1173.3938498271432,0.7136743148295412,3.420117687390468,-1.2297328824670801,0.1217841965685178,0.1217841965685178
38,0.760421562364867,0.9935713266570239,2.9916869835560713,-1.0045443302420236,1.126739957754499,-0.2738823121617148,0.7555330605374677,2590.7961669919932,-869.9337914259422,860.4311877830255,0.7051920685444794,3.3926635914587484,-1.139183675949751,0.13326156600104588,0.13326156600104588
39,0.772344268314114,1.070081988870647,3.1116655546662075,-0.9715015769249138,1.1522467251192743,-0.2583248849485085,0.8264716907304117,1873.8335270488385,-585.0346685532531,644.3994292477926,0.697152913975672,3.3505904055207836,-1.0460969552822352,0.1456369694176073,0.1456369694176073
40,0.784266974263361,1.1485705671653823,3.2308685786574998,-0.9337274443267349,1.1714744137585178,-0.24300578820122054,0.9007859634387468,1385.544334198392,-400.42506795804826,492.5596331201719,0.6895482300477124,3.2952958941430253,-0.9523470666259894,0.1589364585823454,0.1589364585823454
41,0.796189680212608,1.2284095584796477,3.3484680213960036,-0.891648904436708,1.184695036810038,-0.2279178298003355,0.9780470135360217,1046.6233680368307,-278.70075912471475,383.9613044560581,0.6823694382266802,3.2293085139899596,-0.8599184403698834,0.17317908857401387,0.17317908857401387
42,0.8081123861618549,1.308878465398945,3.463553487380868,-0.8457965565829781,1.19267766297828,-0.2130541383489332,1.057720899869408,807.0093803947356,-197.0709439178273,304.9692182384541,0.675608006870326,3.156062986849272,-0.7707076608927118,0.18837578853426695,0.18837578853426695
43,0.8200350921111019,1.389172097070536,3.575142809713988,-0.7967986155729161,1.1966072255946558,-0.1984081443820878,1.1391698685794096,634.5457085072809,-141.42236239698212,246.5616730551494,0.6692554553474399,3.0795620842500395,-0.6863476330607278,0.20452831182633968,0.20452831182633968
44,0.8319577980603488,1.4684129345323893,3.6821966530825954,-0.7453707840178165,1.1979509638628942,-0.1839735629325657,1.2216575916569017,508.1057119576448,-102.8535921808371,202.62605988840386,0.6633033579239004,3.0039854089801477,-0.608083481254359,0.221628313376663,0.221628313376663
45,0.8438805040095958,1.5456674831214483,3.783637001677259,-0.6923020354343621,1.198354921561875,-0.1697443773370079,1.3043586546877712,413.7710457938922,-75.70877890239815,169.03113344574703,0.6577433474139278,2.933451128315738,-0.5367412851919878,0.2396566021632358,0.2396566021632358
46,0.8558032099588428,1.6199662903236351,3.8783691598769043,-0.638436579229634,1.1993812043418255,-0.15571482417817398,1.3863723512840858,342.3227248263155,-56.351352958266794,142.98568593402433,0.6525671185960884,2.8714443637750358,-0.47268195509138483,0.2585826142145944,0.2585826142145944
47,0.8677259159080899,1.690327055364515,3.9653066433527404,-0.5846525326237102,1.202398893182584,-0.1418793792689236,1.4667405923003984,287.22171760056193,-42.348529312657895,122.43659414395201,0.6477664313945224,2.820685088110774,-0.415887301745606,0.27836414590928604,0.27836414590928604
48,0.8796486218573367,1.7557800175811251,4.043398102533628,-0.5318380673713774,1.2085354220905562,-0.1282327445926345,1.544469472749887,243.9273244625182,-32.08435912850796,105.92148266700511,0.6433331138268429,2.7831446898784677,-0.3660738456973557,0.2989473788648065,0.2989473788648065
49,0.8915713278065838,1.815394605976535,4.111655220885268,-0.4808660089321981,1.2186449726369064,-0.11476983612278784,1.6185537793434093,209.24299797432454,-24.47137221570287,92.38581287931083,0.6392590647209709,2.760087502547579,-0.3227975572737663,0.3202672165789291,0.3202672165789291
50,0.9034940337558306,1.8683061830262362,4.169180387709986,-0.4325680216575132,1.2333029890614673,-0.10148577245164521,1.6880034895933334,180.89433201835996,-18.768461916616495,81.06293505087172,0.635536256204104,2.7521520191998246,-0.28554604107688963,0.34224793979121215,0.34224793979121215
51,0.9154167397050776,1.9137416388526116,4.215192876035406,-0.38770959833018326,1.2528104025912015,-0.0883758641643629,1.7518711316763098,157.25372999788422,-14.464054738758923,71.39483762956266,0.6321567359676276,2.7594307281685215,-0.2538099229861187,0.3648041730473859,0.3648041730473859
52,0.9273394456543247,1.9510425985005342,4.249052271526994,-0.34696707452592523,1.2771926478299782,-0.07543560390066793,1.8092787617414585,137.1579423693606,-11.199977541060047,62.97898241415028,0.629112629312687,2.781517085075607,-0.22713178941565096,0.38784214011853324,0.38784214011853324
53,0.9392621516035717,1.9796850988759593,4.2702780015538995,-0.3109078038019808,1.3061817733391279,-0.06266065705138445,1.8594432854677632,119.78374141412777,-8.721141799362734,55.531299807382524,0.6263961409816416,2.8174982454975908,-0.2051346988193348,0.4112611717770138,0.4112611717770138
54,0.9511848575528186,1.9992947682340794,4.278563999477425,-0.27997446300926665,1.3391896528037739,-0.0500468530417628,1.9016989093288281,104.55912331110552,-6.84198820102303,48.85856755504125,0.6239995567813165,2.86591488558732,-0.18753557997977247,0.43495541697525564,0.43495541697525564
55,0.9631075635020656,2.0096567870933995,4.273787794719467,-0.25447422053266777,1.3753150901975197,-0.037590177157747484,1.9355156516929133,91.09585793603001,-5.424122243661262,42.83586784618437,0.6219152450044324,2.9247804322253605,-0.1741502518303211,0.45881569861252625,0.45881569861252625
56,0.9750302694513127,2.010720205428618,4.2560136241608255,-0.2345732133035896,1.4128472900793945,-0.025286762875104358,1.9605130636902643,79.13550775488775,-4.3616097079894365,37.38694902344916,0.6201356576561506,2.9905191678097323,-0.16482458765094346,0.4827314485082941,0.4827314485082941
57,0.9869529754005595,2.0025965125829464,4.225489490207808,-0.22029646504191547,1.4497107998676402,-0.013132884654729862,1.976468586620523,68.50557642049667,-3.5715474754031447,32.46701447254676,0.6186533314929844,3.058897641233031,-0.15947604149775077,0.5065926533594902,0.5065926533594902
58,0.9988756813498065,1.9855526771781402,4.182638418791852,-0.21153306443557152,1.483268559016958,-0.00112495117055446,1.9833202832722472,59.08507194067395,-2.9881727939603056,28.048449573356823,0.6174608888817832,3.1245587848857403,-0.1580216668518241,0.5302917444671083,0.5302917444671083
59,1.0107983872990534,1.9599991689419496,4.128044470957738,-0.208046133073839,1.510434127666463,0.01074050106075732,1.9811639990740075,50.77951798555918,-2.5591978067518273,24.11016008940368,0.6165510384866676,3.181194843478062,-0.16032658814513606,0.5537253686889729,0.5537253686889729
60,1.0227210932483004,1.9264737209489518,4.062434312508691,-0.20948687061078708,1.5279565319857573,0.02246681367658731,1.970245310003033,43.49943041475573,-2.2431278514166446,20.628151281669542,0.6159165757921614,3.2220647372771527,-0.16615167330563813,0.5767959859428367,0.5767959859428367
61,1.0346437991975475,1.885621773090344,3.986655331136167,-0.21541178495547952,1.53288128576677,0.034057212117595326,1.9509468751598091,37.16298867952592,-2.008035573884309,17.5774765528208,0.6155503834708012,3.2408775912072385,-0.1751150196736988,0.5994132489568951,0.5994132489568951
62,1.0465665051467943,1.8381746463990567,3.90165140029299,-0.22530210749487645,1.5231034785528363,0.04551481095330149,1.9237720155313052,31.69627311173636,-1.8303114243551148,14.932980843690622,0.6154454316037429,3.2328912987284735,-0.18668434162280018,0.6214951330066543,0.6214951330066543
63,1.0584892110960413,1.78492653120507,3.8084374218766497,-0.23858435946651002,1.4978411581173547,0.05684261890601593,1.889325475879648,27.013401524994595,-1.692288565076814,12.660556479958892,0.6155947777628685,3.195893062752515,-0.20021074651780582,0.6429687961911863,0.6429687961911863
64,1.0704119170452884,1.7267113347954124,3.7080737405073734,-0.2546510709165488,1.457837658666459,0.06804354359338811,1.8482923900621862,23.028638405606774,-1.5814861952921488,10.723576105157314,0.615991566962981,3.130673570672046,-0.214998253339128,0.6637711635156418,0.6637711635156418
65,1.0823346229945354,1.6643803366523635,3.6016414213315864,-0.27288074802685913,1.4050360780510838,0.07912039600828175,1.8014164641901538,19.65839635668116,-1.4894314217533424,9.084482467463907,0.6166290314925856,3.040432541610246,-0.23036038550807864,0.6838492398847793,0.6838492398847793
66,1.0942573289437822,1.598781455624918,3.4902192352582615,-0.29265632400842545,1.342642720003176,0.09007589475323949,1.749478325196975,16.823074730533317,-1.410621762501577,7.70622648401587,0.6175004906317608,2.931055668019922,-0.24577022801356982,0.7031601674503893,0.7031601674503893
67,1.1061800348930293,1.5307407596838547,3.374863016709675,-0.3133814973419655,1.2739106546682566,0.10091267004549746,1.6932748669592685,14.448498245170398,-1.3416520883946077,6.553423078387896,0.6185993502654359,2.808623163546153,-0.2608018542096397,0.7216710511542899,0.7216710511542899
68,1.1181027408422763,1.46104666148659,3.2565878658614684,-0.3344945428882886,1.2018273778368105,0.11163326750730646,1.6336002767066138,12.466895809212442,-1.2805146941230503,5.593190557544696,0.619919102400324,2.678803188627241,-0.27514843295362074,0.7393585825237341,0.7393585825237341
69,1.1300254467915234,1.3904370567028628,3.1363534750804343,-0.3554793616747087,1.128833726716047,0.1222401517552279,1.5712292562361432,10.817437791228317,-1.2260658473398303,4.795685971944243,0.6214533245935377,2.5462652656634868,-0.2885978122313926,0.7562084957491984,0.7562084957491984
70,1.1419481527407702,1.3195894892737,3.015052680424564,-0.3758737018771643,1.0567527337757292,0.13273570980106136,1.506902779652238,9.446382681309283,-1.1776400627507673,4.134371309279258,0.6231956793007116,2.4145123831428505,-0.30100691559139214,0.7722148919079406,0.7722148919079406
71,1.153870858690017,1.2491142776637059,2.8935031830337232,-0.3952746277063113,0.9868692693811393,0.14312225427614547,1.4413165641697807,8.306901180371483,-1.1347861273205266,3.586057526525478,0.6251399131512689,2.2860273261252955,-0.3122887873630167,0.7873794671187555,0.7873794671187555
72,1.165793564639264,1.1795504145034106,2.772442257980308,-0.4133414289734869,0.9200728085729727,0.15340202648992482,1.3751122823956525,7.358656689998326,-1.0970968512740153,3.1307799193621553,0.627279856158157,2.162560161517336,-0.32241454437139055,0.8017106787385071,0.8017106787385071
73,1.1777162705885111,1.111363961365912,2.652524172371903,-0.4297962496400791,0.856993739159371,0.1635771993329029,1.3088714198463363,6.567225996346375,-1.0641068357332046,2.7515595803065853,0.629609420869164,2.0454114832892016,-0.33142400497045976,0.8152228807997735,0.8152228807997735
74,1.189638976537758,1.0449486005686741,2.534319970106555,-0.44442276896920685,0.7980966763701272,0.17364988003338658,1.24311158371508,5.903441290236683,-1.0352377582945156,2.434101765971084,0.6321226014666167,1.935628550437543,-0.3394351976972885,0.8279354561129448,0.8279354561129448
75,1.201561682487005,0.980627974458296,2.418319245367297,-0.4570632964507051,0.7437698248722846,0.18362211277677068,1.178284998883934,5.3427248088436485,-1.0097771077317599,2.1664738505559447,0.6348134728219561,1.8342051506390142,-0.34666550089444487,0.8398719681685787,0.8398719681685787
76,1.213484388436252,0.9186594357534124,2.3049335168754164,-0.4676146453685919,0.6942264087613773,0.19349588119550423,1.114778883576422,4.8645801818343255,-0.9869043596880847,1.9388379110731206,0.6376761895113763,1.74182690078379,-0.3533740832610358,0.8510593514902965,0.8510593514902965
77,1.225407094385499,0.8592388454728752,2.1945008253911102,-0.4760231344453598,0.6495758236403691,0.20327311073732876,1.052917377014067,4.451787808488514,-0.965665613775588,1.7430610973564629,0.64070498479846,1.659020292952876,-0.35986864567213767,0.8615271546660039,0.8615271546660039
78,1.237329800334746,0.8025060827725636,2.0872912029464836,-0.48227903740135636,0.6098251113377449,0.2129556709188579,0.9929646911643952,4.090000407338132,-0.9450149824028956,1.5724927124676182,0.64389416958932,1.58613450733417,-0.3664842846586802,0.8713068461276856,0.8713068461276856
79,1.249252506283993,0.7485509688330143,1.9835126989518443,-0.48641076128581573,0.5748879839629166,0.22254537747109782,0.9351291738959543,3.767738983487513,-0.923951123808207,1.421893929839653,0.6472381313655227,1.5233399783624424,-0.3735640104366092,0.8804311890006085,0.8804311890006085
80,1.26117521223324,0.6974193504524437,1.8833176912483394,-0.4884789903434519,0.5446135061854067,0.23204399438306467,0.8795679973224292,3.4759353803840316,-0.9015586764777974,1.287188351953117,0.6507313330997093,1.4706793702044025,-0.381452357833589,0.8889336880901936,0.8889336880901936
81,1.273097918182487,0.6491191345593044,1.7868092556659414,-0.48857098654733266,0.5188207184946844,0.2414532358492557,0.8263922188598681,3.2076743406332393,-0.8770810942221484,1.1652966232055455,0.6543683121585123,1.4281410183154304,-0.3904995813260617,0.8968481093604466,0.8968481093604466
82,1.285020624131734,0.6036261095887776,1.6940474127385412,-0.486795193560986,0.4973323854216285,0.25077476812634886,0.7756720000859814,2.9579309220381806,-0.849980080194979,1.0539754209216008,0.6581436791970826,1.3957392289882158,-0.40107445814495885,0.9042080700851608,0.9042080700851608
83,1.296943330080981,0.5608894314620916,1.6050551127356592,-0.483276249811476,0.4800025462583557,0.2600102113041629,0.7274418070476731,2.723285676309098,-0.8199714005887359,0.9516571378601808,0.6620521170491419,1.3735871952334675,-0.41358210271675605,0.9110466961962117,0.9110466961962117
84,1.3088660360302278,0.5208366893682925,1.5198238586230217,-0.4781504798864368,0.46673494467047644,0.26916114099558347,0.6817054530325841,2.5016211534067554,-0.7870328842443812,0.8572941345811871,0.6660883796163368,1.361952640901012,-0.4284827515600592,0.9173963421665592,0.9173963421665592
85,1.3207887419794748,0.48337849888942075,1.438318900097045,-0.4715619023182037,0.45753126390783605,0.2782290899498676,0.638440879448085,2.2918195265822634,-0.751387453541922,0.7702160365201706,0.6702472907601709,1.36140905269035,-0.44634652487467785,0.9232883679908399,0.9232883679908399
86,1.3327114479287216,0.44841259694047797,1.360483960095639,-0.46365876621468316,0.452375217430834,0.28721554959345413,0.5976046013380226,2.093484811197302,-0.7134685987629611,0.6900081062171703,0.6745237431996736,1.3725065519092035,-0.4677561170475354,0.9287529673998992,0.9287529673998992
87,1.3446341538779687,0.41582743460083393,1.2862454781908041,-0.4545906089891363,0.4513091960237923,0.29612197150215863,0.5591357706837387,1.9067044220987577,-0.6738759739885167,0.6164142240551206,0.6789126974176082,1.3959983501539897,-0.49337995810640484,0.9338190413027806,0.9338190413027806
88,1.3565568598272157,0.38550528054498434,1.215516373315816,-0.4445058122258474,0.4544268487329438,0.3049497688083824,0.5229598328229138,1.731851227086462,-0.6333258467349199,0.549262690175771,0.6834091805777495,1.4328293358999733,-0.5239756384340857,0.9385141105289688,0.9385141105289688
89,1.3684795657764626,0.3573248599569152,1.1481993418439265,-0.43354962193009616,0.46183317248144534,0.3137003175467522,0.4889917691949746,1.5694181567040149,-0.5925980129866185,0.48841007185869817,0.6880082854555515,1.4840180578223041,-0.5603517128594135,0.9428642621892342,0.9428642621892342
90,1.3804022717257096,0.33116356214302534,1.0841897166855627,-0.4218625923995122,0.4736181701787766,0.32237495794139276,0.4571389334950104,1.4198775892515805,-0.5524800977847327,0.4336987457334238,0.6927051693842519,1.55056898899249,-0.603332648634937,0.9468941243361118,0.9468941243361118
91,1.3923249776749567,0.30689925517985595,1.0233779194091541,-0.4095794090494421,0.48982504820843065,0.33097499563784405,0.42730349861675376,1.2835648210847386,-0.5137121985200394,0.3849263112823496,0.6974950532182446,1.6333572996658574,-0.6537072032489958,0.9506268640434301,0.9506268640434301
92,1.4042476836242037,0.28441174846476036,0.9656515410094851,-0.3968280440799644,0.510414384883417,0.33950170288245646,0.39938453897714943,1.1605854694738098,-0.47693483858314,0.3418253154453349,0.7023732203152884,1.7329890202378542,-0.7121602504710202,0.9540842045044421,0.9540842045044421
93,1.4161703895734505,0.26358394455275147,0.9108970883935169,-0.38372919928801397,0.5352273966420351,0.34795631965192786,0.37327977744257684,1.0508134935089153,-0.4426711047856794,0.304071194361618,0.7073350155390146,1.849646335845392,-0.779191542561322,0.9572864572432445,0.9572864572432445
94,1.4280930955226976,0.24430272067045333,0.8590014334124627,-0.37039599207155605,0.5639519885354141,0.35634005473549063,0.34888702860688464,0.9538277534750791,-0.41128450229738545,0.27127162558884677,0.7123758442828642,1.9829315252743251,-0.855027548203497,0.9602525660238062,0.9602525660238062
95,1.4400158014719446,0.22645957823354157,0.8098529997568756,-0.3569338432897925,0.5959695056775743,0.36465408677210964,0.3261053710509719,0.868942942732687,-0.38297708873367275,0.2429829269995071,0.7174911715165588,2.1312752399408983,-0.9393362285857495,0.963000159510399,0.963000159510399
96,1.4519385074211915,0.2099510959201092,0.7633427205854985,-0.3434405287452801,0.6305298799065113,0.3728995652449193,0.30483608084168673,0.7952892328923915,-0.35781379357425674,0.21873771965906735,0.7226765208558674,2.292488123622049,-1.0314283638090265,0.9655456101722975,0.9655456101722975
97,1.4638612133704385,0.1946792186598999,0.7193647966500512,-0.33000635933025135,0.6667208668934191,0.3810776114349965,0.28498335724548995,0.7318817850323144,-0.33574848875477364,0.19806664813877034,0.7279274736564999,2.463619507704146,-1.1301777739173073,0.9679040973280413,0.9679040973280413
98,1.4757839193196853,0.18055141151612575,0.677817281111385,-0.3167144580791335,0.7031719572268506,0.3891893193364477,0.26645486972596943,0.6776869720628267,-0.3166535703430916,0.18051670085986757,0.733239668132524,2.639813780457241,-1.23346986600354,0.9700896725870862,0.9700896725870862
99,1.4877066252689324,0.1674807040333589,0.6386025133677224,-0.30364110530100463,0.7379732998547873,0.3972357565346806,0.24916215299513325,0.6316767025111956,-0.30034803829991913,0.16566433210563822,0.7386087984998366,2.813885974539914,-1.3379393748303394,0.9721153262683149,0.9721153262683149
100,1.4996293312181794,0.1553856473259816,0.6016274201446291,-0.29085612549266593,0.7685243722555649,0.4052179650496207,0.23302087438036567,0.5928669674206147,-0.2866208940993628,0.15312303666062596,0.7440306141449854,2.9755987335715486,-1.4385499890604188,0.9739930536563393,0.9739930536563393
101,1.5115520371674263,0.14419020307093555,0.5668036979135533,-0.27842329177168224,0.791532243885556,0.4131369621455411,0.21795099519145752,0.5603403416432718,-0.27524838494716924,0.14254597834805127,0.7495009188194545,3.111469387635385,-1.5284048998642734,0.9757339201997739,0.9757339201997739
102,1.5234747431166733,0.13382358069953415,0.5340478864973497,-0.26640072509828133,0.8033647168938604,0.4209937411090774,0.20387684522917618,0.5332542845950476,-0.2660048502571707,0.13362471716893848,0.7550155698595833,3.2059763077704084,-1.5992468739826875,0.9773481249633819,0.9773481249633819
103,1.5353974490659204,0.12422003648486957,0.5032813395893823,-0.2548412666196432,0.8008848636079104,0.4287892719969166,0.19072712714174428,0.5108379913067148,-0.25866764869178543,0.12608517130746474,0.7605704774320694,3.2448099229349707,-1.6430401957191503,0.978845061821257,0.978845061821257
104,1.5473201550151674,0.11531864590436613,0.47443009402429004,-0.24379280221555777,0.7825852429318361,0.4365245023545677,0.178434865056883,0.49238079518204886,-0.25301703101576545,0.11968188208314172,0.7661616038049962,3.2196180199174154,-1.6544475340537432,0.980233378024481,0.980233378024481
105,1.5592428609644142,0.10706305861870347,0.44742463623966283,-0.2332985190022559,0.7493125540827258,0.44420035790754603,0.16693730982422797,0.4772152640484005,-0.24883210563337538,0.11419157920751256,0.7717849626441309,3.131433953650448,-1.6328088454849965,0.9815210298972068,0.9815210298972068
106,1.5711655669136613,0.09940124363679481,0.4221995618483808,-0.2233970745747912,0.7045948442741946,0.4518177432262318,0.15617581131052768,0.46469855128756865,-0.24588442598637084,0.10940706265059888,0.7774366183344927,2.9927154193378387,-1.5835257307894497,0.982715335513349,0.982715335513349
107,1.5830882728629083,0.09228523071389727,0.3986931231188015,-0.21412266169100697,0.6535514234547337,0.4593775423655959,0.14609566650161865,0.45419640082584484,-0.2439313262153407,0.10513253730525204,0.7831126853266177,2.8234903474827346,-1.5163875005732672,0.983823024284731,0.983823024284731
108,1.5950109788121551,0.08567085273471026,0.37684666013079265,-0.20550495466137214,0.601071881560368,0.4668806194809272,0.1366459506760622,0.4450731405997171,-0.24271075017142144,0.10118119521414784,0.7888093275074413,2.643978947728891,-1.4418351846081554,0.9848502834539834,0.9848502834539834
109,1.6069336847614022,0.07951749274274827,0.35660391518297385,-0.1975689296974773,0.55099219776666,0.4743278194206314,0.12777933761609253,0.43668772427640445,-0.24193768667135362,0.09737501880252537,0.7945227575952839,2.4709779971876844,-1.3689936016543645,0.9858028015336842,0.9858028015336842
110,1.6188563907106492,0.07378783836782166,0.3379102373803521,-0.19033456064470877,0.5057151380589419,0.4817199682971186,0.11945191369847254,0.42844456225390926,-0.24132979263786586,0.09355738480802171,0.8002492365585488,2.315914466778266,-1.3044841906603823,0.9866858087699921,0.9866858087699921
111,1.6307790966598963,0.06844764565258338,0.3207116955848625,-0.18381640427969576,0.46634928105612916,0.4890578740367455,0.1116229897458166,0.4198274446963714,-0.24062474915761153,0.0896013477693799,0.8059850730578095,2.1850812725017064,-1.2523827103894483,0.9875041147359852,0.9875041147359852
112,1.6427018026091431,0.06346551366570491,0.3049541327390957,-0.1780231054076859,0.43307288605586763,0.49634232690972646,0.10425491370216866,0.41045026296474635,-0.2396085921908143,0.08542083538696603,0.8117266229106421,2.0809311821791816,-1.2147854100674464,0.988262143178978,0.988262143178978
113,1.6546245085583902,0.05881267079323421,0.29058221156579533,-0.17295686997932688,0.40550440495484247,0.5035741000408843,0.09731288650826155,0.4001054306496527,-0.23814597106273896,0.0809797297934569,0.8174702885788695,2.003520078278869,-1.192511268369184,0.9889639642587366,0.9889639642587366
114,1.6665472145076372,0.05446277320392573,0.2775385180695062,-0.16861297166165473,0.38298657888343135,0.510753949902063,0.09076478297736361,0.3887885088252685,-0.23620067685349022,0.07629391598588911,0.8232125186777095,1.9516730656704022,-1.1856999079035395,0.9896133243210072,0.9896133243210072
115,1.678469920456884,0.050391715672360504,0.26576280118107926,-0.16497936983635825,0.3647931743437055,0.5178826167869909,0.08458097899627286,0.3766857943524988,-0.23383778580900835,0.07142400427174522,0.8289498075061812,1.9238967074601216,-1.1943103587727106,0.9902136733541186,0.9902136733541186
116,1.6903926264061309,0.046577454702181,0.2551914298491086,-0.16203652044474662,0.350213643758677,0.5249608252693365,0.07873418598533233,0.36412481351746695,-0.23120493436965897,0.066459939573904,0.8346786945984285,1.9187720985375847,-1.2183448110202308,0.9907681902767143,0.9907681902767143
117,1.702315332355378,0.04299984370809079,0.24575713921390943,-0.15975745179772785,0.33856982845618155,0.5319892846446677,0.07319929323316787,0.35150193522474715,-0.2284981573804767,0.06150188892213521,0.840395764295485,1.935029183603273,-1.2578895266909098,0.9912798062024101,0.9912798062024101
118,1.7142380383046247,0.03964047987951019,0.23738911387747677,-0.15810815411845638,0.3293670885190573,0.5389686893569854,0.0679532184661055,0.33920869214296173,-0.22592299747721475,0.05664284733287352,0.8460976453366273,1.9724322591855965,-1.3136980821474817,0.9917512258231127,0.9917512258231127
119,1.7261607442538718,0.03648256225156149,0.230013420926368,-0.15704829642324503,0.3222572679937451,0.545899719410479,0.06297476680844359,0.3275756879472352,-0.2236617477997271,0.051956970073754015,0.8517810104702683,2.031751391761255,-1.3872368557737647,0.9921849470474994,0.9921849470474994
120,1.7380834502031188,0.03351076044314513,0.22355376416320627,-0.156532243276916,0.3170385772304565,0.5527830407671065,0.05824449812995189,0.31684349033919734,-0.2218536668175916,0.047494911760802845,0.8574425760836358,2.114997284083237,-1.480920129622324,0.9925832790247672,0.9925832790247672
121,1.7500061561523659,0.030711093480959656,0.2179324921914207,-0.15651030522950138,0.31364360804048796,0.5596193057305872,0.05374460265385019,0.30715977036563546,-0.22058972909796182,0.04328502063383685,0.8630791018506463,2.2256821692965905,-1.5983949532156143,0.9929483586770242,0.9929483586770242
122,1.7619288621016127,0.028070818106696954,0.21307176469455505,-0.15693012848116114,0.31211919522932596,0.5664091533173563,0.04945878460499391,0.29859541954802843,-0.2199194136338599,0.03933800295708426,0.8686873903976733,2.3691431959616023,-1.7449048055029501,0.993282165856464,0.993282165856464
123,1.7738515680508598,0.02557832595855064,0.20889476889477046,-0.15773811697766918,0.31260295243692243,0.573153209615012,0.04537215360969107,0.2911702955462817,-0.21986502765149754,0.0356526339473921,0.8742642869868601,2.552986525035043,-1.9277806201611982,0.9935865372361907,0.9935865372361907
124,1.7857742740001068,0.023223049023634007,0.20532688295147528,-0.15888078490420726,0.31530117392075063,0.579852088128755,0.04147112351024891,0.2848829829916579,-0.22044084677535072,0.03222106810815359,0.8798066792160375,2.7877393345810564,-2.157136986739555,0.993863179036264,0.993863179036264
125,1.7976969799493536,0.020995372771843546,0.2022967019607758,-0.1603059564170887,0.32046842706817524,0.5865063901163016,0.03774331822485403,0.27973030595726667,-0.22166665991430337,0.02903182302148164,0.8853114967352614,3.0878092322033464,-2.446872378066996,0.9941136786794041,0.9941136786794041
126,1.8096196858986007,0.01888655640221315,0.19973686950617353,-0.16196375670174723,0.3283698142474059,0.5931167049117283,0.03417748426427917,0.27571982802546535,-0.22357724567613588,0.026071291174664724,0.8907757109794796,3.472711347761359,-2.8159717192665474,0.9943395154638802,0.9943395154638802
127,1.8215423918478477,0.016888659657706168,0.19758468701884985,-0.1638073677034375,0.33930790796749094,0.5996836102386811,0.030763409508002347,0.2728815782348899,-0.22623217264378653,0.0233247027955517,0.8961963349165182,3.9696487558849363,-3.2910329399499543,0.9945420703344673,0.9945420703344673
128,1.8334650977970948,0.01499447569180093,0.19578249930155306,-0.1657935479179512,0.3535800111093562,0.6062076725133693,0.02749184784068395,0.271267787538746,-0.2297163898323211,0.020775698853212465,0.901570422810545,4.616685484769113,-3.909525462550401,0.9947226348260333,0.9947226348260333
129,1.8453878037463416,0.013197469499981185,0.19427787429634155,-0.16788293529637918,0.3714398879530408,0.6126894471377378,0.024354449255579606,0.27095067361550484,-0.2341388311554052,0.01840592123004981,0.9068950700002844,5.467908212289554,-4.725028436383473,0.9948824192483995,0.9948824192483995
130,1.8573105096955886,0.011491721459155252,0.19302360753072548,-0.17004016461241497,0.3930145522090022,0.6191294787832011,0.021343695040583373,0.2720198359408574,-0.2396302621888504,0.01619478687600349,0.9121674126916175,6.6013683806282195,-5.815339276210215,0.9950225601754698,0.9950225601754698
131,1.8692332156448357,0.009871875548268585,0.19197758727001302,-0.17223383617347582,0.4181400425893539,0.6255283016652974,0.018452837675535714,0.2745814997585401,-0.2463424283958941,0.014119535681323002,0.9173846277643971,8.13153651753275,-7.295256432354042,0.9951441272964207,0.9951441272964207
132,1.8811559215940825,0.008333091853120714,0.1911025567460608,-0.17443637303981935,0.44604543465811586,0.6318864398096116,0.015675845084685436,0.27876093909735844,-0.2544500083582451,0.01215546536955665,0.9225439325931126,10.229147174965041,-9.337056305648806,0.9952481296818307,0.9952481296818307
133,1.8930786275433296,0.0068710029874368694,0.19036580669242828,-0.17662380071755454,0.4747535108823799,0.638204407309299,0.013007348905303105,0.28470852313297657,-0.2641561650495096,0.010276179041733492,0.9276425848806673,13.153368619462729,-12.203861597697967,0.9953355215131817,0.9953355215131817
134,1.9050013334925766,0.005481674089467384,0.18973882639832923,-0.17877547821939443,0.49994961761933704,0.6444827085745225,0.010442596450207071,0.2926091588556772,-0.27570183340324006,0.008453662726218569,0.9326778825059602,17.304905792858502,-16.305006557619823,0.9954072073198794,0.9954072073198794
135,1.9169240394418237,0.004161566080352445,0.18919693581609098,-0.18087380365538608,0.5128057927956703,0.6507218385741108,0.007977406061153287,0.3026944955947406,-0.2893783904459665,0.006658052574387045,0.9376471633837009,23.313647504899237,-22.288035919307895,0.9954640467641422,0.9954640467641422
136,1.9288467453910705,0.0029075018948933537,0.1887189157539167,-0.18290391196412997,0.49506290951648574,0.6569222830697222,0.005608125567183416,0.31525707759284977,-0.30554304816640915,0.0048570147132202795,0.9425478053374969,32.133336070399174,-31.143210251366202,0.9955068590105506,0.9955068590105506
137,1.9407694513403175,0.001716635419184355,0.18828664830720895,-0.18485337746884026,0.4139648603533082,0.6630845188427956,0.0033315935806417767,0.3306656100237944,-0.3246361618055979,0.0030147241090982537,0.9473772259847026,45.40513099160023,-44.57720127089362,0.9955364267137387,0.9955364267137387
138,1.9526921572895646,0.0005864228909433222,0.18788477564058986,-0.18671192985870322,0.20545050437708773,0.6692090139145499,0.0011451033800000988,0.3493805565552977,-0.3471995947895985,0.0010904808828495738,0.9521328826340542,65.82454831877622,-65.41364731002204,0.9955534996547486,0.9955534996547486
139,1.9646148632388116,-0.0004854034606943704,0.18750038204391103,-0.18847118896529977,-0.2536446809568646,0.6752962277592877,-0.0009536308535477164,0.37196930958540975,-0.37389522768943334,-0.0009629590520117928,0.956812272194798,97.97720542574123,-98.48449478765497,0.9955587980538001,0.9955587980538001
140,1.9765375691880585,-0.0015008597408061007,0.18712270178885476,-0.19012442127046697,-1.2018247009946788,0.681346611511247,-0.0029665056637851097,0.3991309926424571,-0.4055336325406452,-0.003201319949094062,0.9614129310978441,149.83990776241404,-152.24355716440343,0.9955530155847201,0.9955530155847201
141,1.9884602751373053,-0.002461732866868179,0.18674285358039547,-0.19166631931413183,-3.1059579854313206,0.6873606081652323,-0.004895058013767247,0.4316724132006624,-0.4430534341813543,-0.005690510490345917,0.9659324352284898,235.61267150735077,-241.82458747821343,0.9955368221139789,0.9955368221139789
142,2.000382981086552,-0.0033696013706293933,0.1863536012053923,-0.19309280394665107,-6.892512746244545,0.6933386527712475,-0.006740493234852958,0.47053577351172293,-0.48755200477422234,-0.008508115631249659,0.970368399870223,381.1859120228288,-394.97093751531787,0.9955108661851405,0.9955108661851405
143,2.0123056870357994,-0.00422585468012631,0.18594913920570894,-0.19440084856596157,-14.429772165261138,0.6992811726233482,-0.008503711405405023,0.516806897707156,-0.5402966633143129,-0.01174488280357844,0.9747184796604019,634.9493572705172,-663.8089016010396,0.9954757772676879,0.9954757772676879
144,2.024228392985046,-0.00503171102434731,0.18552490193461307,-0.19558832398330772,-29.554213695227535,0.7051885874429124,-0.010185332320779696,0.5716965280909876,-0.6027070468189839,-0.015505259363998183,0.9789803685564086,1089.6974351329966,-1148.8058625234519,0.9954321677873811,0.9954321677873811
145,2.0361510989342935,-0.005788234091102192,0.18507739411743074,-0.1966538622996351,-60.30322136954029,0.7110613095565333,-0.011785719205486671,0.6365169012044837,-0.6763306109736718,-0.019906854884594073,0.9831517998132313,1928.1810120840937,-2048.787454823174,0.995380634953692,0.995380634953692
146,2.0480738048835403,-0.006496348556591102,0.1846040409451305,-0.19759673805831268,-122.98205720512414,0.7168997440687159,-0.013305001306147233,0.7126431659575886,-0.7628000138665587,-0.025078423954485018,0.987230545971612,3494.730081989981,-3740.694196400229,0.9953217623984978,0.9953217623984978
147,2.059996510832787,-0.0071568545953175425,0.18410305575214705,-0.19841676494278213,-253.5469970264809,0.7227042890295636,-0.014743095494891736,0.8014585884909662,-0.8637706729760862,-0.031156042242560054,0.9912144188572095,6522.247491222726,-7029.341485275687,0.9952561216387724,0.9952561216387724
148,2.0719192167820344,-0.0077704414688511865,0.18357332340895854,-0.19911420634666094,-531.1110531591356,0.7284753355976246,-0.016099727002192792,0.9042825574164931,-0.9808369777780414,-0.03827721018077409,0.9951012695902787,12547.26922768637,-13609.491334004644,0.9951842733749185,0.9951842733749185
149,2.083841922731281,-0.008337700283528378,0.18301429768422062,-0.19968969825127736,-1134.024613476285,0.7342132681980663,-0.017374449389984923,1.0222765014092043,-1.115421519951423,-0.0465725092711093,0.9988889886059481,24892.0818852166,-27160.13111216917,0.9951067686352079,0.9951067686352079
150,2.095764628680528,-0.008859135998852512,0.18242591097224017,-0.2001441829699452,-2474.2207286308508,0.7399184646763393,-0.018566663867065434,1.1563119419602501,-1.2686197242958628,-0.056153891167806363,1.002575505685021,50948.757353464935,-55897.19881072664,0.9950241497758808,0.9950241497758808
151,2.1076873346297753,-0.009335178761249834,0.1818084949314373,-0.20047885245393698,-5526.995133396728,0.7455912964474808,-0.01967563804159115,1.3067671011926305,-1.4409622002011104,-0.06709754950423986,1.0061587899952018,107641.71660722472,-118695.70687401819,0.9949369513454576,0.9949369513454576
152,2.119610040579022,-0.009766194630769318,0.18116271072555123,-0.2006950999870899,-12661.750576514538,0.7512321286412071,-0.020700524197627582,1.4732018979407038,-1.632037857152021,-0.07941797960565868,1.0096368501426591,234875.2143178915,-260198.71547092064,0.9948457008210961,0.9948457008210961
153,2.131532746528269,-0.010152495762162601,0.1804894877003468,-0.200794479224672,-29791.217718938857,0.7568413202429388,-0.02164037717603906,1.65386634087863,-1.8399256092702638,-0.09302963419581692,1.013007734233996,529623.6265471146,-589206.0619849922,0.9947509192240517,0.9947509192240517
154,2.1434554524775162,-0.010494350096199527,0.17978996946107856,-0.20077866965347763,-72088.41128091897,0.7624192242308903,-0.022494171933906824,1.8450563534102964,-2.060448428707318,-0.10769603764851064,1.0162695299483597,1235023.907520273,-1379200.730082111,0.994653121620554,0.994653121620554
155,2.155378158426763,-0.010791990611391127,0.17906546643339444,-0.2006494476561767,-179643.06872883465,0.767966187709358,-0.023260820849739124,2.0404729241853894,-2.286425034094839,-0.12297605495472469,1.0194203646199018,2980717.0013196073,-3340003.138777277,0.994552817513979,0.994552817513979
156,2.1673008643760103,-0.011045624181689105,0.17831741410076243,-0.20040866246414066,-454728.8668573102,0.7734825520383339,-0.023939190836547358,2.230502004013207,-2.506832692152419,-0.13816534406960618,1.0224584053305372,7341013.447604525,-8250471.181319146,0.9944505111334869,0.9944505111334869
157,2.179223570325257,-0.011255440080722504,0.17754733620723362,-0.2000582163686786,-1178835.9542444616,0.7789686529595601,-0.024528120318294096,2.403856663816296,-2.7086369575701763,-0.15239014687694025,1.0253818590124277,18595379.834138058,-20953051.742626976,0.9943467016239395,0.9943467016239395
158,2.191146276274504,-0.01142161816937804,0.1767568123028015,-0.19960004864155756,-3143424.349326055,0.7844248207191481,-0.02502643612086191,2.549053589081812,-2.8784815348392803,-0.16471397287873404,1.0281889725611566,48646492.945415765,-54933341.64406787,0.9942418831413576,0.9942418831413576
159,2.2030689822237512,-0.011544336798817036,0.17594744908260113,-0.19903612268023518,-8627114.26503165,0.7898513801868691,-0.025432970321818044,2.656951317396983,-3.0056092948330946,-0.17432898871805538,1.0308780329590106,131486006.89058045,-148740235.42064375,0.9941365448579594,0.9941365448579594
160,2.214991688172998,-0.011623780457432661,0.17512085503971309,-0.19836841595457838,-24384390.478809927,0.7952486509722244,-0.025746577098361076,2.7236640324102583,-3.0852345917289994,-0.18078527965937044,1.0334473674076832,367368888.79735374,-416137669.75497353,0.9940311708803586,0.9940311708803586
161,2.226914394122245,-0.01166014718682136,0.1742786180133578,-0.19759891238700056,-71028349.3821272,0.8006169475374029,-0.025966149607916485,2.751741394239644,-3.1199530548857486,-0.18410583032305214,1.0358953434719942,1061626613.4339933,-1203683312.198248,0.9939262400842469,0.9939262400842469
162,2.238837100071492,-0.011653655787813452,0.17342228526361758,-0.1967295968392445,-213376863.89637807,0.8059565793072201,-0.02609063692921963,2.749211414526185,-3.1186952264147743,-0.18474190594429468,1.0382203692331393,3175338626.183742,-3602092353.9764986,0.9938222258686764,0.9938222258686764
163,2.250759806020739,-0.01160455283442867,0.1725533457519508,-0.19576245142080817,-661654373.4062691,0.8112678507761383,-0.02611906108657609,2.7271277860145693,-3.093937230840263,-0.18340472241284697,1.0404208934523227,9838438196.768597,-11161746943.581137,0.9937195958328718,0.9937195958328718
164,2.262682511969986,-0.01151311951033876,0.1716732143493178,-0.1946994533699953,-2119984139.365477,0.8165510616124607,-0.026050534174263958,2.696917271402431,-3.058650241485615,-0.180866485041592,1.0424954057443898,31611284087.481422,-35851252366.21238,0.9936188113782243,0.9936188113782243
165,2.274605217919233,-0.011379678278754038,0.17078321772661392,-0.19354257428412203,-7027524055.8119755,0.8218065067597873,-0.02588427559109609,2.6685183793105995,-3.0241374037291155,-0.17780951220925817,1.0444424367611107,105467232157.47728,-119522280269.10124,0.9935203272382034,0.9935203272382034
166,2.28652792386848,-0.011204599394117193,0.16988458172186413,-0.19229378051009852,-23572323655.36737,0.827034476535816,-0.025619629390408814,2.649577004504992,-2.9990783965494785,-0.17475069602224358,1.0462605583859006,357404508947.1946,-404549156257.9293,0.9934245909385488,0.9934245909385488
167,2.2984506298177267,-0.010988307259490376,0.16897841999731775,-0.1909550345162985,-80416007539.69232,0.8322352567285792,-0.025256081741206353,2.64544505769592,-2.9895003889331804,-0.1720276656186301,1.0479483839367398,1236639054192.2124,-1397471069271.597,0.9933320421904827,0.9933320421904827
168,2.3103733357669736,-0.01073128663182886,0.168065723839734,-0.18952829710339175,-281726335391.6022,0.8374091286901871,-0.02479327849264997,2.6595906604891137,-2.9992295713744763,-0.16981945544268143,1.0495045683809852,4412196049434.568,-4975648720217.773,0.9932431122190977,0.9932431122190977
169,2.322296041716221,-0.01043408867238027,0.16714735296644906,-0.1880155303112096,-1011563915983.822,0.8425563694281597,-0.02423104282278476,2.694123686279258,-3.0304822936768923,-0.16817930369881695,1.05092780855881,16204599771194.008,-18227727603161.652,0.993158223029808,0.993158223029808
170,2.3342187476654677,-0.010097336837508894,0.1662240272359129,-0.18641870091093066,-3473427868685.9478,0.8476772516944198,-0.023569392947606405,2.750287308914968,-3.084421643401125,-0.1670671672430786,1.0522168434179018,57180143431649.02,-64126999169020.91,0.9930777866151067,0.9930777866151067
171,2.346141453614715,-0.009721732600849992,0.16529631917186194,-0.18473978437356192,-11114794156830.084,0.8527720440720198,-0.02280855985581176,2.8288754832693486,-3.161630273542095,-0.166377395136373,1.0533704542579592,188982215198584.9,-211211803512245.1,0.9930022041044859,0.9930022041044859
172,2.3580641595639618,-0.009308060994343517,0.16436464722978295,-0.18298076921847,-20921041549841.55,0.8578410110596697,-0.02194900502579674,2.9307529155302103,-3.262693236723102,-0.16597016059644612,1.0543874649847162,369430283719564.6,-411272366819247.75,0.9929318648604651,0.9929318648604651
173,2.3699868655132086,-0.00885719595273081,0.16342926976086086,-0.18114366166632245,-26108499032417.473,0.8628844131541339,-0.02099143807324877,3.056722978491897,-3.3880466689585305,-0.1656618452333167,1.0552667423748356,481743088240537.5,-533960086305372.4,0.9928671455234398,0.9928671455234398
174,2.381909571462456,-0.008370105441418516,0.16249027963095802,-0.17923049051379508,-27056343129650.34,0.8679025069305603,-0.019936834265064745,3.2082569536559653,-3.5387807123232924,-0.16526187933366326,1.0560071963506679,525249388039126.0,-579362074298426.8,0.9928084090089023,0.9928084090089023
175,2.3938322774117027,-0.007847856344583626,0.16154759947895458,-0.17724331216812184,-17989506866564.9,0.8728955451208035,-0.0187864518261545,3.3878627149041387,-3.7170221699191597,-0.1645797275075103,1.056607780265141,370312799126284.0,-406291812859413.8,0.9927560034603748,0.9927560034603748
176,2.4057549833609495,-0.007291619086028933,0.16060097760710945,-0.17518421577916732,-43411236188521.3,0.8778637766898042,-0.017541848952983916,3.599394590819064,-3.926234622400588,-0.16342001579076165,1.0570674911964175,956150738094382.1,-1042973210471424.8,0.9927102611618989,0.9927102611618989
177,2.4176776893101968,-0.006702671951603775,0.15964998451137297,-0.17305532841458054,-60372301807258.875,0.8828074469100785,-0.016204900436157684,3.848472374889755,-4.171617383924917,-0.1615725045175809,1.0573853702535059,1437999221510249.5,-1558743825124767.5,0.9926714974142281,0.9926714974142281
178,2.4296003952594436,-0.006082405077581884,0.15869401007305278,-0.17085882022821652,-25775601139740.277,0.8877267974343754,-0.014777813780620994,4.142954652929565,-4.4605359958620445,-0.15879067146623987,1.0575605028917274,672502645702631.1,-724053847982111.5,0.992640009379185,0.992640009379185
179,2.4415231012086904,-0.0054323240653497695,0.15773226143625654,-0.16859690956695608,-23445819982526.668,0.8926220663665574,-0.01326314469880337,4.493510837061447,-4.803025286874159,-0.15475722490635596,1.0575920192370614,680769807283798.6,-727661447248852.0,0.9926160748975266,0.9926160748975266
180,2.4534458071579377,-0.004754053178744305,0.15676376162993505,-0.16627186798742366,-21700735359696.453,0.8974934883307532,-0.011663811838396081,4.914367426285082,-5.21243585538543,-0.14903421455017393,1.0574790944231685,715576535898217.1,-758978006617610.0,0.9925999512848882,0.9925999512848882
181,2.4653685131071845,-0.004049338075591116,0.1557873489647536,-0.16388602511593586,-22602176560194.37,0.9023412945388333,-0.009983110590488379,5.424340256717635,-5.706327050670434,-0.14099339697639965,1.0572209489356337,869557715709366.9,-914762068829755.8,0.9925918741128743,0.9925918741128743
182,2.4772912190564313,-0.0033200480212722677,0.15480167728722483,-0.1614417733297694,-25384636357482.61,0.9071657128562611,-0.008224725809943469,6.048308941468094,-6.307746390532759,-0.12971872453233224,1.0568168489683147,1183592604771641.5,-1234361877486606.8,0.9925920559807235,0.9925920559807235
183,2.4892139250056786,-0.0025681775274332824,0.15380521714806467,-0.1589415722029312,-45590965712857.44,0.9119669678663603,-0.0063927432631735795,6.819351722402022,-7.047085295682266,-0.11386678664012206,1.0562661067893953,2730390834181993.0,-2821572765607707.5,0.9926006852851379,0.9926006852851379
184,2.5011366309549254,-0.0017958473552868448,0.15279625796374807,-0.15638795267432176,-38452304447633.23,0.9167452809330472,-0.004491659603911452,7.781854515927002,-7.9647781429567965,-0.09146181351489749,1.0555680811166699,3271641218494703.5,-3348545827389970.0,0.9926179249959382,0.9926179249959382
185,2.5130593369041727,-0.0010053048183482627,0.1517729112588175,-0.15378352089551403,-19264997988531.617,0.9215008702620731,-0.002526390660184855,8.996060859564842,-9.1152360569471,-0.05958759869112899,1.054722177504008,2908475893827650.5,-2947005889804713.5,0.9926439114454364,0.9926439114454364
186,2.5249820428534195,-0.00019892331659072948,0.1507331150665272,-0.15113096169970863,-7166967795786.5,0.9262339509608146,-0.0005022778022964377,10.544775946361003,-10.572607943371487,-0.013915998505242107,1.0537278487371495,5430732806768048.0,-5445066742359620.0,0.9926787531410496,0.9926787531410496
187,2.5369047488026664,0.0006207989705600547,0.14967463958861774,-0.14843304164749763,8643839240336.577,0.930944735096659,0.0015749078564656095,12.543335968325747,-12.439285073960102,0.052025447182821864,1.0525845952393984,2084029749263530.2,-2066742070782857.0,0.992722529610263,0.992722529610263
188,2.5488274547519136,0.0014512413068458602,0.14859509419688455,-0.1456926115831928,17428826156628.5,0.9356334317540176,0.0036989636863587745,15.150678168459361,-14.85474255761526,0.14796780542205137,1.0512919654872488,1784567495611128.0,-1749709843297870.8,0.9927752902887428,0.9927752902887428
189,2.5607501607011605,0.0022896636153076078,0.14749193587815304,-0.14291260864753783,49542887128408.77,0.9403002470900104,0.005863256470850556,18.59757536527807,-18.02015814726831,0.28870860900487844,1.0498495564369419,3191375485337460.0,-3092289711080642.5,0.992837053462272,0.992837053462272
190,2.5726728666504073,0.0031332107668865516,0.14636247920528872,-0.14009605767151562,199309222619255.25,0.9449453843888578,0.008060726325465947,23.218974571442942,-22.224868137631162,0.4970532169058893,1.048257013959902,9310382901569180.0,-8911764456330669.0,0.9929078052747133,0.9929078052747133
191,2.5845955725996546,0.003978918022610856,0.14520390793224067,-0.13724607188701896,inf,0.9495690441150139,0.01028389390497699,29.50602232546331,-27.88895780318985,0.8085322611367308,1.0465140332877112,inf,-inf,0.9929874988140801,0.9929874988140801
192,2.596518278548901,0.004823717708332828,0.14401328828425314,-0.1343658528675875,90404361162217.11,0.9541714239650764,0.012524871200246205,38.191497966902126,-35.633053433824315,1.2792222665389046,1.0446203594682228,2699044619405782.5,-2518235897081348.5,0.9930760532904385,0.9930760532904385
193,2.608440984498148,0.005664447203432829,0.14278758403695285,-0.13145868963008722,186439527157507.72,0.9587527189185108,0.01477537623996011,50.38562669329448,-46.38798608411966,1.9988203045874093,1.042575787829897,4699708320289241.0,-4326829265974226.0,0.9931733533188168,0.9931733533188168
194,2.620363690447395,0.0064978583184973765,0.14152367343617073,-0.128527956799176,2729677941810155.0,0.9633131212872127,0.01702675200346209,67.79742251511594,-61.57177792624485,3.112822294435542,1.0403801644572206,5.945251968990203e+16,-5.3993163806281736e+16,0.9932792483222227,0.9932792483222227
195,2.6322863963966423,0.007320628136609483,0.1402183680293182,-0.12557711175609926,105501370074087.8,0.9678528207639505,0.019269989857075644,93.10113746641217,-83.37974623834629,4.860695614032944,1.0380333866744003,2020759648023476.8,-1809756907875301.5,0.9933935520692798,0.9933935520692798
196,2.644209102345889,0.008129371383906306,0.138868433440265,-0.12260969067245238,inf,0.9723720044697092,0.02149575780967525,130.5528344892354,-115.26768363828732,7.642575425474039,1.035535403539639,inf,-inf,0.9935160423623679,0.9935160423623679
197,2.656131808295136,0.00892065439084104,0.13747061212898487,-0.1196293033473028,2579198730131018.0,0.9768708569999721,0.023694433878320556,187.04520682642902,-162.7699727277202,12.137617049354414,1.0328862163483241,3.974641463494509e+16,-3.4588017174683056e+16,0.9936464608915806,0.9936464608915806
198,2.6680545142443832,0.0096910106915878,0.13602164813349604,-0.11663962675032045,inf,0.9813495604699651,0.025856144823281413,273.9432577566279,-234.90848533272109,19.517386211953404,1.0300858791460992,inf,-inf,0.9937845132710459,0.9937845132710459
199,2.67997722019363,0.010436958300959392,0.13451831379525436,-0.11364439719333556,inf,0.9858082945588907,0.027970810494681985,410.3355053264806,-346.66157963315,31.836962846665315,1.0271344992504798,inf,-inf,0.9939298692731828,0.9939298692731828
