,m,spdy,spdy_up,spdy_dn,epk,ret,spd_ret,cb_ret_up,cb_ret_dn,epk_ret,volatility,epk_up,epk_dn,cdf_m,cdf_ret
0,0.6047527650915191,0.31264081383942355,4.413637987953253,-3.788356360274406,0.389074084497627,-0.5029355572138727,0.18907039664985426,5.7838799776459435,-4.9644756910704,0.4097021432877713,0.7085922683123272,5.492667890600021,-4.714519721604767,0.047180583712574053,0.047180583712574053
1,0.6195395535209122,0.3494668828522022,4.624714791317222,-3.925781025612818,0.4073226549939893,-0.4787787324597206,0.21650855657259827,5.950709900994699,-5.0513783168015705,0.449665792096564,0.6944117128195156,5.390356568310328,-4.57571125832235,0.05213303694001614,0.05213303694001614
2,0.6343263419503052,0.39011837733552246,4.834583190286355,-4.054346435615311,0.427290156864085,-0.45519172203810654,0.24746236322283083,6.091721631379417,-5.108599627071666,0.49156100215387516,0.6807817708407247,5.295238393686986,-4.4406580799588165,0.057667625974451964,0.057667625974451964
3,0.6491131303796983,0.43483321636473937,5.0426759788589415,-4.173009546129462,0.4484396206947586,-0.4321482625543371,0.28225595026758865,6.207778658591386,-5.1371771081794595,0.5353007752059631,0.6676935311679737,5.200466795409805,-4.303587554020287,0.0638434549934358,0.0638434549934358
4,0.6638999188090914,0.483820822683405,5.2483906265011155,-4.280748981134306,0.4700970122837321,-0.4096238655509134,0.32120860489766034,6.3008707589282675,-5.139184180641396,0.5808432891434355,0.6551379821081068,5.099517501400722,-4.159323476833259,0.07072292245979894,0.07072292245979894
5,0.6786867072384845,0.5372489406976239,5.451079956928335,-4.376582075533087,0.4916180004875598,-0.387595661086025,0.36462371452943415,6.373819017085327,-5.117434028354742,0.6281924943652926,0.6431060136825313,4.98809551014304,-4.00485950916792,0.07837117459307008,0.07837117459307008
6,0.6934734956678775,0.5952287327439999,5.65004240028471,-4.45958493479671,0.5125690997107212,-0.36604225817261415,0.41277535001794247,6.429906190003273,-5.075132316821156,0.6773869365910582,0.6315884203762208,4.865418934147596,-3.8402807347261523,0.08685534538597173,0.08685534538597173
7,0.7082602840972706,0.6577984703424804,5.8445121632487425,-4.528915222563782,0.532831868793602,-0.34494361994308675,0.46589253148351517,6.472493131869678,-5.015537970335905,0.728477580766886,0.6205759044531508,4.734189084552596,-3.668525346965392,0.09624356017865432,0.09624356017865432
8,0.7230470725266637,0.7249063333289147,6.033649804520857,-4.583837137863028,0.552856470673838,-0.3242809517136223,0.5241414021695097,6.504595331974376,-4.941620182718307,0.7814875746280346,0.6100590798515438,4.6016184199838595,-3.4959054786361836,0.10660368636109474,0.10660368636109474
9,0.7378338609560567,0.7963930460735942,6.216533860762393,-4.623747768615205,0.5734240183922378,-0.30403660038087266,0.5876057560230348,6.528856997666361,-4.856048185486016,0.8364044060901721,0.6000284766691437,4.476068499699545,-3.3292204629150697,0.11800182447639906,0.11800182447639906
10,0.7526206493854498,0.8719753007448983,6.392154326259866,-4.648203724770069,0.5956213741829606,-0.28419396380157735,0.6562666170946982,6.547136957856931,-4.760902950836104,0.8931170035104131,0.5904745462446344,4.366297692771814,-3.1750549444058924,0.13050054600941863,0.13050054600941863
11,0.7674074378148429,0.9512311208099964,6.559408929361786,-4.656946687741793,0.6207392230842577,-0.26473740898945886,0.7299818371905406,6.560328775816247,-4.657599745958694,0.9513645149287764,0.5813876668371176,4.2804343903686,-3.0389559442000844,0.14415690033263973,0.14415690033263973
12,0.782194226244236,1.0335884763219643,6.717103245819477,-4.6499262931755485,0.6501914719474443,-0.2456521981195234,0.8084669384916177,6.568443154440934,-4.547016088828579,1.010713532806177,0.5727581499012219,4.225475947800592,-2.9250930039057033,0.15902023213117988,0.15902023213117988
13,0.796981014673629,1.1183185453469153,6.863955716599537,-4.627318625905706,0.685468895550382,-0.22692442146230993,0.8912786489989214,6.570658914505528,-4.429593318330362,1.0705327980875832,0.5645762469505096,4.207234301658354,-2.8362965105575895,0.17512987118029444,0.17512987118029444
14,0.8117678031030221,1.2045349925722169,6.998608568828744,-4.58953858368431,0.7282698300336873,-0.2085409364835694,0.9778027246810636,6.565437895978562,-4.3054744733951535,1.129981711291704,0.5568321569971388,4.231405068614175,-2.7748654085468005,0.19251277717640192,0.19251277717640192
15,0.8265545915324152,1.2912004808706818,7.119645451163335,-4.537244489421972,0.7802193912855084,-0.19048931244148248,1.0672476860525244,6.550696996729369,-4.174662074700203,1.188017461014583,0.5495160345505496,4.302109178529371,-2.7416703959583533,0.21118124157889984,0.21118124157889984
16,0.8413413799618082,1.3771413285691436,7.225616276580245,-4.471333619441959,0.8428025621427697,-0.17275777989643817,1.1586459857808014,6.524029148649855,-4.037179632846979,1.243424757901438,0.542617998152813,4.422035549023591,-2.7364304247380518,0.23113076395610088,0.23113076395610088
17,0.8561281683912013,1.4610707738109543,7.315069318355731,-4.392927770733823,0.9175697660142712,-0.1553351846197536,1.2508638454726875,6.482960674732681,-3.8932205212526925,1.2948700767399943,0.5361281394232256,4.593950247402806,-2.758810715374264,0.2523382298950969,0.2523382298950969
18,0.8709149568205943,1.541620726405046,7.38659004893198,-4.303348596121888,1.0058929977169435,-0.13821094544929266,1.3426205483707838,6.425225860583936,-3.7432680714300393,1.3409788945769483,0.5300365325793487,4.819680405149237,-2.8078944097153498,0.27476051905221666,0.27476051905221666
19,0.8857017452499873,1.6173812166147419,7.438845586375236,-4.204083153145752,1.108730905811581,-0.12137501569322516,1.4325173662902246,6.349032747543364,-3.588172560216299,1.3804300936635328,0.5243332443969762,5.0994026148251494,-2.8819408032019873,0.29833366378750936,0.29833366378750936
20,0.9004885336793805,1.6869460486675822,7.470632977050352,-4.096740879715188,1.2262715517615257,-0.1048178477293934,1.519075573760896,6.253232657659735,-3.4291436800204647,1.4120444888196355,0.5190083445662534,5.430538042780981,-2.9779949392579304,0.3229726602298677,0.3229726602298677
21,0.9152753221087735,1.74896250787801,7.480928966761493,-3.983003951005473,1.3574600521843276,-0.08853036048795031,1.600782222754214,6.137488357602907,-3.267727910022521,1.434880223790193,0.5140519163969048,5.806335001387931,-3.091414897019276,0.3485720047829983,0.3485720047829983
22,0.9300621105381666,1.8021824333377707,7.468938470964119,-3.864573604288578,1.4993062128055668,-0.07250390953997903,1.6761415975249356,6.002704458634319,-3.105915692754271,1.4483943829400239,0.5094540678208701,6.213702700363747,-3.2150902747526136,0.37500699140547344,0.37500699140547344
23,0.9448488989675597,1.8455116268764427,7.434138716334943,-3.7431154625820584,1.646727227109792,-0.056730259545429734,1.7437296286860369,5.850526786178521,-2.9457611854183585,1.4523828003800814,0.5052049426369072,6.63339014288388,-3.3399356886642972,0.4021357610377745,0.4021357610377745
24,0.9596356873969527,1.8780544799991803,7.376316041706902,-3.620207081708541,1.7926951269988656,-0.04120155884051962,1.80224810188294,5.683372331040503,-2.789330696310308,1.4470208173650974,0.501294731938091,7.041055498654808,-3.4556652446570766,0.4298020478261202,0.4298020478261202
25,0.9744224758263458,1.8991508929663774,7.295592639268774,-3.4972908533360196,1.9288526061002553,-0.025910315968281552,1.850575315092113,5.504236704613644,-2.6385679181192714,1.432834393247186,0.4977136856601195,7.409691840398986,-3.5519866281984758,0.4578385214315739,0.4578385214315739
26,0.9892092642557389,1.9084030293522796,7.1924410764418045,-3.3756350177372454,2.0468999280353213,-0.010849377976649687,1.8878099565689916,5.31646672034157,-2.4951822393931984,1.4106422404741856,0.4944521241859025,7.714411943038993,-3.6206120869683502,0.4860705849590141,0.4860705849590141
27,1.0039960526851321,1.905690155281947,7.067685219889989,-3.2563049093260945,2.1403052418042607,0.003988089673294939,1.9133053935439912,5.123530266742172,-2.3605715650325836,1.381479350854794,0.49150044993999387,7.937808610505731,-3.657198126897209,0.5143204577267118,0.5143204577267118
28,1.018782841114525,1.891170684223615,6.922487110851172,-3.140145742403942,2.2056725568832727,0.018608621730179263,1.9266922427058346,4.928810392103085,-2.2357835731637454,1.3465134094696698,0.48884915890523983,8.073697405081605,-3.662352291315059,0.5424113541444839,0.5424113541444839
29,1.033569629543918,1.8652714936103563,6.758320320758168,-3.027777333537456,2.2429362284497287,0.03301847043331241,1.9278879666496866,4.735441435092109,-2.1215126778509226,1.306964378620593,0.4864888519934176,8.126689086721763,-3.6408166298223064,0.5701715660048381,0.5701715660048381
30,1.0483564179733111,1.8286654984860355,6.576931246736945,-2.9196002497648736,2.255439179358112,0.04722362156615353,1.9170932116641997,4.5461950061417475,-2.018125410995671,1.2640347975730384,0.4844102462018157,8.111854478643666,-3.6009761199274415,0.5974382656549129,0.5974382656549129
31,1.0631432064027042,1.7822392657443982,6.380290594498334,-2.815812063009537,2.247956538001262,0.061229809385447455,1.8947755675603006,4.363414993138832,-1.925704854915478,1.2188550691116773,0.48260418548850437,8.047525510139586,-3.551612434137061,0.6240608704694168,0.6240608704694168
32,1.0779299948320973,1.727053055142385,6.170537868101473,-2.716431757816703,2.2250536786019164,0.07504253051921358,1.861642290804389,4.18899480576165,-1.8441048036548622,1.172445001053394,0.48106165130063955,7.949829880147875,-3.499722522944043,0.6499038421927499,0.6499038421927499
33,1.0927167832614906,1.6642960328471614,5.9499219978914235,-2.6213299321971,2.190320047941921,0.08866705691789122,1.8186042074076103,4.024738197000008,-1.7731605067750396,1.1257888451124842,0.47977377269231447,7.83047797895522,-3.4498378830713783,0.6748488345940438,0.6748488345940438
34,1.1075035716908834,1.5952395046000776,5.720741278299096,-2.530262269098941,2.1459534225180295,0.10210844793500835,1.7667334490469813,3.8713797819525624,-1.7122966614108976,1.0795415602708323,0.478731835971452,7.695674718501774,-3.4037678734657155,0.6987961456105429,0.6987961456105429
35,1.1222903601202767,1.521190874374296,5.48528557624533,-2.4429038274967385,2.092861660051982,0.1153715616066561,1.7072178542132073,3.7295618154196215,-1.6609820413417227,1.0342898870389492,0.4779272938186911,7.54668205703113,-3.360958736927166,0.7216654719509872,0.7216654719509872
36,1.1370771485496696,1.4434506917639158,5.245783354182205,-2.358881970654373,2.031111902632902,0.12846106519268943,1.6413147966629613,3.599615869554651,-1.6186465209632264,0.9904846742957124,0.47735177382542976,7.381459630112304,-3.3192358248465004,0.743396001699796,0.743396001699796
37,1.1518639369790626,1.3632746652075478,5.004355491504855,-2.277806161089759,1.9604623485578159,0.14138144503690298,1.5703069230497795,3.481606417667843,-1.584704476353799,0.9484509706570222,0.4769970864027962,7.1965325625707175,-3.275607865455085,0.7639459113178695,0.7639459113178695
38,1.1666507254084557,1.281841953599614,4.762977252984754,-2.199293345785527,1.8811974008878276,0.1541370157982965,1.4954618450259816,3.375373557330917,-1.5585706607199012,0.9084014483055081,0.4768552320185121,6.990019638256801,-3.2276248364811466,0.7832913560541479,0.7832913560541479
39,1.1814375138378488,1.2002304689857184,4.523449109147771,-2.1229881711763348,1.794319669107368,0.16673192910096865,1.4179973013109224,3.2805681208487556,-1.5396674412044467,0.8704503398221543,0.47691840772414074,6.7624626423699175,-3.1738233041551824,0.8014250566216967,0.8014250566216967
40,1.1962243022672419,1.1193993817759844,4.287376517282297,-2.0485777537303287,1.701630186809546,0.1791701816460257,1.3390527444233589,3.196678238451898,-1.5274244981118426,0.8346268701700278,0.4771790129411361,6.5173604906331155,-3.114100117014024,0.8183545903856266,0.8183545903856266
41,1.2110110906966352,1.0401785573300202,4.05615826449587,-1.9758011498358294,1.6055247972778892,0.1914556228251662,1.2596677692314802,3.1230473476265037,-1.5212721343848012,0.8008876066208511,0.4776296544802278,6.260716133245191,-3.0496665386894133,0.8341004932742904,0.8341004932742904
42,1.225797879126028,0.9632642932988251,3.8309825809841263,-1.9044539943864762,1.50865708225625,0.20359196187222986,1.180767327763532,3.0588843866950417,-1.5206293595601021,0.7691275135674698,0.47826315077502507,6.000055273520933,-2.982741109008433,0.8486942706275034,0.8486942706275034
43,1.240584667555421,0.8892204801004215,3.6128299616946653,-1.8343890014938222,1.4136066487433623,0.21558277458595818,1.1031532936888533,3.0032675836166876,-1.5248879915027067,0.7391897960569902,0.4790725353171302,5.74336800481029,-2.916154707323565,0.862176402918693,0.862176402918693
44,1.2553714559848141,0.818484168966694,3.4024814838107984,-1.7655131458774103,1.322702525054245,0.22743150965444608,1.0275016628962392,2.9551439467510514,-1.5333942332305008,0.7108748567602754,0.48005105928646696,5.498543552489886,-2.8531385023813955,0.8745944174213448,0.8745944174213448
45,1.2701582444142072,0.7513744903511737,3.200531362087758,-1.6977823813854105,1.2378307129643924,0.2391414946092784,0.9543645035620664,2.9133889638298935,-1.5454622665176883,0.6839633486561025,0.4811921933768949,5.2726251272469735,-2.796963701318189,0.8860010809691109,0.8860010809691109
46,1.2849450328436003,0.6881039016012991,3.0074025241561113,-1.631194720953513,1.1603623513562724,0.2507159414350658,0.8841756904428908,2.8765555218514285,-1.5602241948275226,0.6581656635119529,0.48248962882336904,5.071438566593917,-2.750713863881372,0.8964527532589602,0.8964527532589602
47,1.2997318212729936,0.6287908357566048,2.82336409104123,-1.5657824195280203,1.0912773883450901,0.2621579518580417,0.8172594581576997,2.8431607363649434,-1.5767612512386946,0.6331997425631245,0.483937277642884,4.899997290691143,-2.7174425140009624,0.9060079256309027,0.9060079256309027
48,1.3145186097023864,0.5734729525562976,2.648549792224675,-1.5016038871120796,1.0311890877819028,0.2734705223355026,0.753840868296227,2.8116613531435077,-1.5940805151247655,0.6087904190093709,0.4855292721071269,4.762483796340846,-2.700105620777041,0.9147259575703828,0.9147259575703828
49,1.3293053981317795,0.5221203399107304,2.4829765098159555,-1.4387358299944948,0.9803831146330699,0.2846565487661768,0.6940573863177335,2.78045101890247,-1.611104450092522,0.5846732844049742,0.4872599634700876,4.662274303794247,-2.701508074528107,0.9226660126721635,0.9226660126721635
50,1.3440921865611726,0.47464816428626144,2.3265623165593396,-1.3772659879868168,0.9388413455747054,0.29571883094003826,0.6379708889827678,2.7479166652011227,-1.6266970946218087,0.5606097852896568,0.48912391997882343,4.601877896497318,-2.724195205347907,0.9298861875845847,0.9298861875845847
51,1.3588789749905656,0.43092841056695574,2.1791435352208106,-1.317286714086899,0.9062615046868842,0.306660076744678,0.5855795568455384,2.712515303333998,-1.6397085887585674,0.5364033572877154,0.49111592420000244,4.582835224439353,-2.7703122150655837,0.9364428214404561,0.9364428214404561
52,1.3736657634199587,0.39080047860872624,2.040490494060273,-1.2588895368428203,0.8820388568935864,0.317482906144039,0.5368292377929412,2.6728674607635527,-1.6490372729094818,0.5119150939270354,0.4932309696989005,4.605398410182409,-2.841320696395236,0.9423899692664087,0.9423899692664087
53,1.3884525518493518,0.3540805107873044,1.9103217797562198,-1.202160758181611,0.8649578552342205,0.32818985494414005,0.49162398876275476,2.6278582509454935,-1.6537046799275756,0.4870767855089588,0.49546425711095116,4.666587906098344,-2.9366721956299022,0.9477790205609392,0.9477790205609392
54,1.4032393402787449,0.3205694109025401,1.7883168933172917,-1.1471780715122115,0.8535025758568582,0.3387833783593283,0.44983560866842626,2.576732176111325,-1.6529344769044751,0.46189884960342487,0.49781118964890847,4.761318525673931,-3.0543133739602144,0.9526584433243912,0.9526584433243912
55,1.4180261287081382,0.290059580338322,1.6741272963362892,-1.0940081356596454,0.8456690357937727,0.3492658543916081,0.411312063801858,2.5191650178661704,-1.646223098235153,0.43647095981550876,0.5002673680910852,4.8809200331787785,-3.1895819615912337,0.9570736339939923,0.9570736339939923
56,1.432812917137531,0.26234044420108704,1.5673858960245715,-1.0427050076223974,0.8390141223396032,0.3596395870346786,0.3758847771389152,2.4552972533911346,-1.6333889106734183,0.4109541713588582,0.5028285852979707,5.012795133153469,-3.3347668884742627,0.9610668546890913,0.9610668546890913
57,1.4475997055669243,0.2372028708339613,1.467715060305449,-0.9933093186375264,0.8308831028613203,0.369906809313484,0.34337480597887154,2.385632453384647,-1.614530647588993,0.3855509028978271,0.505490820305866,5.141167301792541,-3.4794010960699,0.9646772406483607,0.9646772406483607
58,1.4623864939963171,0.2144426055060069,1.3747332817483562,-0.9458480707363424,0.8188629311472517,0.3800696861693003,0.3135979700293648,2.311163541711122,-1.590133596171846,0.3605149727696381,0.5082502320469572,5.249507773802003,-3.6117819115075,0.9679408625275796,0.9679408625275796
59,1.4771732824257102,0.1938628460769486,1.2880606242715347,-0.9003349321176376,0.8011747079674811,0.39013031719969093,0.28636901667987635,2.233276950815863,-1.5610268756176273,0.3361250375991177,0.5111031527455332,5.323153019663959,-3.7208036037289975,0.9708908301541042,0.9708908301541042
60,1.4919600708551033,0.1752760876910483,1.2073230921377673,-0.8567709167556709,0.7777869116763286,0.4000907392619972,0.26150492421074173,2.153382222100419,-1.5281371428815613,0.31262253960942904,0.5140460810399027,5.35749121057834,-3.8019173872256835,0.9735574262741498,0.9735574262741498
61,1.5067468592844964,0.1585053573726899,1.1321560593216775,-0.8151453445762976,0.7501942982611531,0.40995292894844504,0.23882744940106718,2.072901325252424,-1.4924761044497095,0.2902126104013574,0.5170756748789114,5.358412072141589,-3.8580234756192824,0.9759682606907338,0.9759682606907338
62,1.5215336477138894,0.1433849497046108,1.0622068909648403,-0.7754369915556188,0.7208914087529955,0.41971880494038866,0.21816502555132905,1.9931548905865042,-1.4550517843627193,0.2690515531118925,0.5201887442409072,5.3404197831940206,-3.8986369656880306,0.9781484369134259,0.9781484369134259
63,1.5363204361432825,0.12976076309530848,0.9971368790960153,-0.7376153529053984,0.6928653548678737,0.4293902302487043,0.1993541121528695,1.9152766994728194,-1.4167939509707939,0.24924137425101284,0.5233822437216545,5.324271999535457,-3.938541289799709,0.9801207249910107,0.9801207249910107
64,1.5511072245726756,0.11749032364781342,0.9366226034388183,-0.7016419561431915,0.6690193500924789,0.43896901434687935,0.18224008982750528,1.840161359627288,-1.3785001677811253,0.23083059592308153,0.5266532650358914,5.3333638548218065,-3.995325154636849,0.9819057355586946,0.9819057355586946
65,1.5658940130020687,0.10644257116884615,0.8803568159905063,-0.667471673652814,0.6518637523135211,0.44845691520290437,0.1666777849218428,1.7684438813195245,-1.3408042918340402,0.21381979474274204,0.5299990294752631,5.391383270289865,-4.087655765662824,0.9835220913006838,0.9835220913006838
66,1.5806808014314617,0.09649746998012537,0.8280489358754497,-0.6350539959151991,0.6435300362657354,0.4578556412156757,0.152531698184293,1.7005057764780767,-1.3041656617643609,0.19817005735685783,0.5334168803630402,5.522158890212174,-4.235098817680704,0.9849865930144113,0.9849865930144113
67,1.595467589860855,0.08754549627256542,0.77942522926656,-0.604334236721429,0.6460109467544749,0.46716685306124384,0.13967600194116242,1.6365005403164345,-1.2688751502911735,0.1838126950126304,0.536904275543631,5.751492100920375,-4.4594702074114245,0.9863143782782737,0.9863143782782737
68,1.6102543782902479,0.07948704397600687,0.7342287382525818,-0.575254650300568,0.6611673623628402,0.4763921654538962,0.12799436057971453,1.5763914377529025,-1.2350735649758762,0.1706589363885132,0.5404587799421947,6.107260428353432,-4.78492570362775,0.9875190713877089,0.9875190713877089
69,1.6250411667196412,0.07223178257756918,0.6922190125919752,-0.5477554474368369,0.6914746678965026,0.4855331488267495,0.11737962023409247,1.5199956688346905,-1.202778156247152,0.1586087562937693,0.5440780582269811,6.626610818162492,-5.243661482369488,0.9886129237536047,0.9886129237536047
70,1.639827955149034,0.06569799300183615,0.6531716894163118,-0.5217757034126396,0.7403843186631314,0.49459133093622054,0.10773340552159652,1.4670250931926452,-1.1719094111513242,0.14755784102066058,0.5477598676041511,7.360926173574689,-5.8801575362484275,0.9896069443712022,0.9896069443712022
71,1.6546147435784269,0.059811901500894715,0.6168779581337287,-0.4972541551319393,0.8129305468716278,0.503568198394482,0.09896565406484104,1.417135216947652,-1.1423270449521563,0.13740408599774798,0.5515020507720232,8.384266730781059,-6.758405637037804,0.9905110202848109,0.9905110202848109
72,1.6694015320078202,0.0545070263933119,0.5831439409953152,-0.47412988820869145,0.9166029839045443,0.5124651981337428,0.09099411336618557,1.3699720102933668,-1.113866801017913,0.128052604637727,0.5553025290587192,9.806285753055626,-7.973079785246538,0.9913340272102774,0.9913340272102774
73,1.684188320437213,0.04972354832257814,0.5517900139537832,-0.452342917308627,1.0626906496748696,0.5212837388059619,0.08374381933558148,1.3252029642435874,-1.0863664794814367,0.11941824238107529,0.559159295764435,11.792844802799214,-9.667463503449477,0.9920839306480237,0.9920839306480237
74,1.6989751088666063,0.045407711356287295,0.5226500874786085,-0.43183466476603394,1.267158362122165,0.5300251921213849,0.07714657134493164,1.2825431208045186,-1.059689057534637,0.11142703163494078,0.5630704097266768,14.585197294263066,-12.050880570018737,0.9927678779374172,0.9927678779374172
75,1.7137618972959991,0.04151125959848612,0.49557086280491075,-0.4125483436079385,1.5555064578585593,0.5386908941290784,0.07114041500864832,1.2417726994476068,-1.033739690415052,0.10401650451627739,0.5670339891241256,18.56999004307953,-15.458977127362411,0.9933922817793368,0.9933922817793368
76,1.7285486857253924,0.03799091192809234,0.47041107559786777,-0.3944292517416831,1.9683698031186816,0.5472821464424598,0.06566914088281316,1.202746095868572,-1.0084759208225194,0.09713508752302631,0.5710482055320601,24.37274888299627,-20.436009276758906,0.9939628957972937,0.9939628957972937
77,1.7433354741547853,0.03480787590513451,0.4470407361314689,-0.37742498432119986,2.570184153746826,0.5558002174126248,0.0606818048453986,1.1653927853297246,-0.9839111252755207,0.09074083002710186,0.5751112782399256,33.00911032939335,-27.868742021899703,0.9944848827260873,0.9944848827260873
78,1.7581222625841786,0.03192740071467784,0.42534037274066416,-0.36148557131130843,3.4663931539706048,0.5642463432521285,0.05613227398292112,1.1297114471158887,-0.960111981014799,0.08479973305054483,0.5792214688389875,46.17967398447583,-39.24688767653462,0.9949628758170078,0.9949628758170078
79,1.7729090510135714,0.02931836816846503,0.4052002834541598,-0.3465635471172298,4.833835311400859,0.5726217291116996,0.05197880028681984,1.0957592633920141,-0.9371913905649086,0.07928393641355264,0.5833770760860011,66.80697326316788,-57.13930264036616,0.9954010340351265,0.9954010340351265
80,1.7876958394429647,0.026952920190739277,0.38651979930553537,-0.3326139589240569,6.97701310264071,0.5809275501122422,0.04818362328582288,1.0636386762637045,-0.9152987029706019,0.07416998664655114,0.5875764310465149,100.05423104808332,-86.10020484280193,0.995803091601281,0.995803091601281
81,1.802482627872358,0.024806120822347205,0.36920656181908607,-0.3195943201743916,10.421696331737035,0.589164952334328,0.04471260184718361,1.033483835972423,-0.894609137880589,0.06943734904591695,0.5918178925196338,155.11327621595973,-134.26988355248562,0.9961724024021567,0.9961724024021567
82,1.8172694163017509,0.022855650540414524,0.3531758165445661,-0.307464515463737,16.045717937779436,0.5973350537672689,0.0415348747167759,1.0054497050846731,-0.875315046827412,0.06506732912863059,0.5960998427441252,247.94566773316896,-215.85423185761005,0.9965119797588067,0.9965119797588067
83,1.8320562047311442,0.021081530572333,0.338349724246799,-0.29618666310213304,25.592667323934567,0.6054389452197316,0.03862254889027199,0.9797101189645555,-0.8576246710100599,0.061042723977247866,0.6004206833842654,410.75157717237033,-359.56624252450126,0.9968245320089612,0.9968245320089612
84,1.846842993160537,0.01946587485247714,0.3246566914114313,-0.285724941706477,42.32109847224794,0.6134776911937487,0.03595041457703731,0.9564340011236719,-0.8417416195215115,0.057346190801080284,0.604778831792202,705.8417826594075,-621.1995857149117,0.9971124943228824,0.9971124943228824
85,1.8616297815899299,0.017992667303847965,0.31203072206715915,-0.2760453874594632,72.61954758031105,0.6214523307238821,0.03349568530308276,0.9357911585895455,-0.8278698688470555,0.05396064487124498,0.6091727175423652,1259.3758048774039,-1114.1367097167818,0.9973780571373939,0.9973780571373939
86,1.8764165700193232,0.016647562205855393,0.3004107934910635,-0.2671156690793527,129.42223197560907,0.6293638781831874,0.031237761573494494,0.9179528218281968,-0.8162142888957576,0.05086926646621967,0.6136007792324011,2335.4671946804397,-2076.6227307292215,0.9976231915587179,0.9976231915587179
87,1.891203358448716,0.015417705518842029,0.28974025907871404,-0.25890484804103,239.81532064467447,0.637213324057547,0.029158016456807347,0.9030937524406604,-0.8069826108595142,0.04805557079057307,0.618061461543781,4506.776514165227,-4027.145872875878,0.9978496720524146,0.9978496720524146
88,1.9059901468781093,0.014291575164427736,0.2799662824232897,-0.2513831320944342,462.5795607385722,0.6450016356898494,0.02723960144676716,0.8913956147603082,-0.8003886026349905,0.04550350606265882,0.6225532125547719,9061.74990894799,-8136.590787470845,0.998059096708299,0.998059096708299
89,1.9207769353075022,0.013258838399648448,0.2710393073340637,-0.24452163053476675,918.4737501706312,0.6527297579954094,0.025467270987014172,0.8830510015218015,-0.7966559273682614,0.04319753707677003,0.6270744812973309,18775.588143329987,-16938.64064298872,0.998252905339908,0.998252905339908
90,1.9355637237368954,0.012310224565813516,0.262912569000864,-0.238292119869237,1886.2120949934756,0.6603986141499596,0.023827224100643415,0.8782676392201741,-0.7960222607753596,0.04112268922240723,0.6316237155492442,40284.30715654166,-36511.88296655472,0.9984323956519581,0.9984323956519581
91,1.9503505121662883,0.011437411635323996,0.25554165164280096,-0.232666828372153,4026.1488854898525,0.6680091062514564,0.02230696164081082,0.8772724200940953,-0.7987433371017204,0.03926454149618749,0.6361993598519965,89954.68282179687,-81902.38505081719,0.9985987376852629,0.9985987376852629
92,1.9651373005956816,0.010632925118104042,0.24888409765845215,-0.22761824742224407,8939.54264274998,0.6755621159568976,0.020895157764026995,0.8803149769341112,-0.805096645846271,0.03760916554392005,0.6407998537447451,209247.21837191,-191368.13308641006,0.9987529867267206,0.9987529867267206
93,1.9799240890250744,0.00989004802153129,0.24289907245421388,-0.2231189764111513,20667.514891542283,0.6830585050952653,0.019581544319444578,0.887670513373019,-0.8153844900806794,0.03614301164616979,0.6454236302044518,507593.10633883066,-466258.07655574614,0.9988960948521348,0.9988960948521348
94,1.9947108774544677,0.009202740682413432,0.23754708776558753,-0.21914160640076064,49811.742343276885,0.6904991162576694,0.018356806941602823,0.8996712152679409,-0.829963428307296,0.03485389348032252,0.650069114281822,1285772.8733775537,-1186149.3886909997,0.9990289212516843,0.9990289212516843
95,2.009497665883861,0.008565569405782028,0.23278978447537385,-0.21565864566380982,125347.83018210082,0.6978847733656932,0.017212491727885196,0.9166320981388215,-0.8491765963961645,0.033727750871328566,0.6547347219231064,3406626.3420677907,-3155930.6817035894,0.9991522414716786,0.9991522414716786
96,2.024284454313254,0.007973642952733132,0.22858977381672335,-0.21264248791125706,327496.8073032887,0.7052162822189082,0.01614092147346211,0.9388852579693998,-0.8733850766127739,0.03275009067831293,0.6594188589671703,9388735.05509764,-8733741.440491062,0.9992667556916964,0.9992667556916964
97,2.0390712427426467,0.007422556018171794,0.22491053363009533,-0.21006542159375174,870931.1916902973,0.7124944310224621,0.015135120524300471,0.9667976226553384,-0.9029846086842193,0.03190650698555956,0.66411992030785,26390046.582148407,-24648184.19876781,0.9993730961431588,0.9993730961431588
98,2.05385803117204,0.006908338929301608,0.22171635424835934,-0.20789967638975615,2409275.19107378,0.7197199908956058,0.014188747392004559,1.000743687100592,-0.9383804338774617,0.031181626611565143,0.6688362892114941,77323321.4543369,-72504771.07218935,0.9994718337637246,0.9994718337637246
99,2.068644819601433,0.006427412877434681,0.21897232683290987,-0.20611750107804053,6938807.438088285,0.7268937163619795,0.013296034352344792,1.0410893963166707,-0.9799719803470033,0.030558707984833747,0.6735663367796383,236394773.315095,-222517158.43891847,0.9995634841714559,0.9995634841714559
100,2.083431608030826,0.005976550069570465,0.21664436575278417,-0.20469126561364326,20828486.20328314,0.73401634582244,0.012451733321921938,1.0881690003565332,-1.0281305452396667,0.030019227558433198,0.6783084215473086,755013198.3459139,-713356225.9393477,0.9996485130334042,0.9996485130334042
101,2.098218396460219,0.005552838252802075,0.2146992559898171,-0.20359357948421297,65259121.091897674,0.7410886020111646,0.011651067374597335,1.1422541199479188,-1.0831691236592649,0.02954249814432707,0.6830608892073308,2523229402.1727595,-2392711159.9889646,0.9997273408949668,0.9997273408949668
102,2.1130051848896123,0.005153649124407238,0.21310471659009908,-0.2027974183412846,213848790.2259291,0.7481111924357422,0.010889687320974305,1.2035152911936038,-1.1453045145771392,0.029105388308232356,0.6878220724517929,8842702468.510366,-8415004888.058508,0.9998003475289792,0.9998003475289792
103,2.127791973319005,0.004776610194128839,0.2118294718030248,-0.20227625141476713,735010063.3789349,0.7550848098019172,0.010163632830741077,1.2719780404413912,-1.2146135649228,0.028682237759295657,0.6925902909214561,32595666627.107647,-31125646500.349777,0.9998678758569312,0.9998678758569312
104,2.1425787617483985,0.00441957971307929,0.2108433226370062,-0.2020041632108476,2547039482.2506094,0.7620101324236273,0.009469297629097767,1.3474781323998632,-1.2909879676340081,0.02824508238292751,0.697363851255009,121510709657.77237,-116416630693.27113,0.9999302354888554,0.9999302354888554
105,2.1573655501777913,0.004080624326526346,0.210117212953778,-0.20195596430072532,9064535526.156782,0.7688878246189382,0.008803398345265388,1.4296237924930462,-1.3740951897344393,0.027764301379303455,0.7021410472298364,466745965585.58594,-448616894533.2724,0.9999877059232345,0.9999877059232345
106,2.1721523386071846,0.0037579991459710457,0.20962328575723846,-0.20210728746529635,33545700335.207012,0.7757185370924585,0.00816294663340481,1.517724719446003,-1.4633070226820806,0.027208848381961186,0.706920159986605,1871197851344.0483,-1804106450673.634,1.0000405394436531,1.0000405394436531
107,2.1869391270365774,0.0034501299699088786,0.20933492685519564,-0.2024346669153779,129341370571.75858,0.7825029073047783,0.007545224224555256,1.6108297833577419,-1.5577323648287378,0.026548709264501952,0.7116994583304337,7847723588426.128,-7589040847282.611,1.0000889637448238,1.0000889637448238
108,2.2017259154659707,0.003155597412883699,0.20922679446187997,-0.20291559963611255,525431827698.9993,0.7892415598294641,0.006947760602723411,1.7079591421397537,-1.6564396274991064,0.025759757320323675,0.7164771991014084,34837909477573.824,-33787045822175.824,1.000133184316961,1.000133184316961
109,2.2165127038953636,0.0028731227292840417,0.20927483448746848,-0.20352858902890042,2205248723709.0205,0.795935106698102,0.006368313029308598,1.8079840377258762,-1.7583406102617491,0.024821713732063686,0.7212516276081478,160627688108857.44,-156217190661439.44,1.000173386614243,1.000173386614243
110,2.231299492324757,0.0026015551421962498,0.20945628218239906,-0.20425317189800654,9032086222962.469,0.8025841477338725,0.0058048486680373525,1.9098342382937568,-1.8623919841717353,0.023721127061010608,0.726020978118041,727190890528460.2,-709126718082535.2,1.000209738030221,1.000209738030221
111,2.24608628075415,0.0023398605087806314,0.2097496514652436,-0.20506993044768235,19455997506482.297,0.8091892708741064,0.0052555285876506016,2.012658359447233,-1.9677539719544304,0.022452193746401294,0.7307834743983851,1744073495227277.0,-1705161500214312.5,1.0002423897004746,1.0002423897004746
112,2.260873069183543,0.0020871111724268705,0.21013471367838135,-0.2059604913335276,181365628396316.75,0.8157510524822592,0.0047186934421320015,2.115982864360029,-2.0739499094087694,0.021016477475629843,0.7355373303029694,1.82602704147496e+16,-1.7897539157956964e+16,1.0002714781505417,1.0002714781505417
113,2.2756598576129363,0.0018424768685947994,0.21059246772198703,-0.20690751398479745,218046135970723.56,0.8222700576497164,0.00419285064844157,2.2198439085274013,-2.181001008801736,0.019421449862832802,0.7402807503990829,2.492236110749087e+16,-2.4486268835549428e+16,1.0002971268051253,1.0002971268051253
114,2.290446646042329,0.001605216566032349,0.21110510355385823,-0.20789467042179352,64947447894844.75,0.8287468404878238,0.003676662899840379,2.3248729861442445,-2.289516904567299,0.0176780407884726,0.745011930630187,8541363205146306.0,-8411468309356616.0,1.0003194473727817,1.0003194473727817
115,2.3052334344717225,0.001374671138161341,0.2116559609559472,-0.2089066186796245,inf,0.8351819444105231,0.0031689378690928196,2.4323302402735463,-2.400735059446326,0.015797590413609997,0.7497290590098341,inf,-inf,1.0003385411187007,1.0003385411187007
116,2.320020222901115,0.0011502567710501479,0.21222948529682506,-0.20992897175472475,inf,0.8415759024079497,0.002668618970365281,2.544093536458913,-2.516516210788034,0.01378866283543948,0.7544303163429289,inf,-inf,1.0003545000367522,1.0003545000367522
117,2.334807011330508,0.0009314590246859659,0.21281118179828,-0.21094826374890807,inf,0.847929237311342,0.00217477706160387,2.662622065120054,-2.639313859875135,0.011654102622459583,0.7591138769705591,inf,-inf,1.000367407930719,1.000367407930719
118,2.349593799759901,0.0007178274734440087,0.21338756956846525,-0.21195191462157723,100705882173364.47,0.8542424620495835,0.001686602980901358,2.7909238049628327,-2.772146686993471,0.009388558984680781,0.7637779095348995,2.993669681535067e+16,-2.9735285051003944e+16,1.000377341413497,1.000377341413497
119,2.3643805881892943,0.0005089708597161135,0.21394613641978635,-0.21292819470035415,20521392889402.457,0.8605160798977035,0.0012034008206667952,2.9326294438139677,-2.9186761847906952,0.006976629511635999,0.768420577761312,8626176997812776.0,-8585134212033972.0,1.000384370832044,1.000384370832044
120,2.3791673766186876,0.0003045527019289798,0.21447529525233264,-0.2138661898484747,28878380349092.805,0.8667505847176259,0.0007245818528905041,3.0917757794939797,-3.0829952002081873,0.004390289642896427,0.7730400412545766,2.0337035634723016e+16,-2.027927887402483e+16,1.0003885611249557,1.0003885611249557
121,2.3939541650480805,0.00010428730452020311,0.21496434257265779,-0.2147557679636174,2477785971672.454,0.8729464611914632,0.0002496590270177777,3.273005731849475,-3.2698300149713293,0.0015878584390729181,0.7776344563069625,5107387086921382.0,-5102431514978037.0,1.0003899726187573,1.0003899726187573
122,2.4087409534774737,-9.206387680556899e-05,0.21540341952678352,-0.21558754728039467,-26934340927308.45,0.8791041850476268,-0.00022175803039747893,3.4816803691000184,-3.4846565241980327,-0.0014880775490072296,0.782201976715519,6.301873590110955e+16,-6.307260458296417e+16,1.0003886617682753,1.0003886617682753
123,2.4235277419068666,-0.0002846955562307322,0.21578347566877748,-0.21635286678123894,-inf,0.8852242232800159,-0.0006899675785227859,3.7240648639379486,-3.7338916100740205,-0.00491337306803585,0.7867407546069005,inf,-inf,1.0003846818458255,1.0003846818458255
124,2.43831453033626,-0.00047376166252329627,0.21609623555066707,-0.21704375887571367,-303081732396148.0,0.8913070343605441,-0.0011551799456468168,4.00758673728082,-4.0251589171063715,-0.0087860899127755,0.7912489412676235,1.3824424096739078e+17,-1.3885040443218309e+17,1.0003780835833886,1.0003780835833886
125,2.4531013187656527,-0.0006593781404576893,0.21633416811352144,-0.21765292439443681,-8789799694992.862,0.8973530684452369,-0.0016175213859220014,4.341180321537595,-4.367643819493266,-0.013231748977835465,0.7957246879781998,2883829305564888.0,-2901408904954873.5,1.0003689157714226,1.0003689157714226
126,2.467888107195046,-0.0008416255385461976,0.2164904587749699,-0.21817370985206228,-13508338206720.814,0.9033627675741392,-0.0020770376572897867,4.735738637026931,-4.772559830934094,-0.018410596953581063,0.8001661468498704,3474735736646041.5,-3501752413059483.0,1.0003572258175337,1.0003572258175337
127,2.482674895624439,-0.0010205514095093038,0.2165589840444486,-0.21860008686346719,-20135719596577.426,0.9093365658652497,-0.002533697364082885,5.2047038753358805,-5.253759035984053,-0.02452758032408553,0.8045714716624938,4272759743612846.0,-4313031182806000.5,1.0003430602677983,1.0003430602677983
128,2.497461684053832,-0.0011961725470651396,0.21653428845166392,-0.2189266335457942,-20152976300495.316,0.9152748897026988,-0.0029873951038122655,5.7648411688891255,-5.828533111571501,-0.03184597134118734,0.8089388187026252,3648144570879673.5,-3688450523480664.0,1.0003264652931918,1.0003264652931918
129,2.512248472483225,-0.0013684770801414806,0.21641156354388938,-0.21914851770417235,-21342811210479.066,0.9211781579193703,-0.0034379544542137387,6.437258655529752,-6.518670579964633,-0.040705962217440696,0.8132663476010678,3375161492660371.0,-3417847115081329.0,1.0003074871432365,1.0003074871432365
130,2.5270352609126183,-0.0015374264432773178,0.21618662868621535,-0.21926148157276998,-96049211839992.84,0.927046781974166,-0.0038851308332212555,7.248762154152507,-7.351862319824618,-0.05155008283605524,0.8175522221687532,1.3506047971565104e+16,-1.369814639524509e+16,1.0002861725687138,1.0002861725687138
131,2.541822049342011,-0.0017029572400483004,0.2158559133936658,-0.2192618278737624,-105917844449742.38,0.9328811661240972,-0.004328614261841386,8.232624712056237,-8.362524399654124,-0.06494984379894282,0.8217946112307285,1.3425465138360668e+16,-1.3637300827260152e+16,1.0002625692150193,1.0002625692150193
132,2.5566088377714045,-0.0018649830145139167,0.21541644092176224,-0.21914640695079005,-430794242494940.7,0.9386817075913874,-0.004768032057199835,9.43271532627095,-9.596044121315241,-0.08166439752214484,0.8259916894575553,4.975925344394294e+16,-5.062084192893282e+16,1.0002367259875065,1.0002367259875065
133,2.5713956262007973,-0.0020233959440396484,0.21486581284820555,-0.21891260473628482,-35654711471161.98,0.9444487967257533,-0.005202951480575985,10.905978417710719,-11.111382080617014,-0.10270183145314692,0.8301416381938039,3786198437674312.5,-3857507860616636.0,1.0002086933899832,1.0002086933899832
134,2.5861824146301906,-0.0021780684654629356,0.2142021943904975,-0.21855833132142335,-88306038183235.88,0.9501828171620373,-0.005632882363240809,12.726687453302757,-12.98550456477742,-0.12940855573733204,0.8342426462833846,8684459399103343.0,-8861071475469814.0,1.0001785238373158,1.0001785238373158
135,2.600969203059584,-0.0023288548452417776,0.21342430021944686,-0.21808200990993043,-83905838505846.75,0.9558841459733419,-0.006057279730869957,14.992684021331717,-15.319879985337282,-0.16359798200278172,0.8382929108916501,7689420791520878.0,-7857232468532572.0,1.0001462719429552,1.0001462719429552
136,2.6157559914889768,-0.00247559270301158,0.21253138054347562,-0.2174825659494988,-41756398503276.13,0.9615531538198262,-0.006475546445388931,17.833845198674318,-18.249307018266133,-0.20773090979590664,0.8422906383239288,3584816278392174.0,-3668329075398727.0,1.0001119947820563,1.0001119947820563
137,2.63054277991837,-0.002618104497029596,0.21152320726321208,-0.21675941625727127,-inf,0.9671902050933089,-0.006887035881733019,21.423923492099878,-21.95426785633683,-0.2651721821184763,0.8462340448408435,inf,-inf,1.0000757521307235,1.0000757521307235
138,2.645329568347763,-0.0027561989789277857,0.21040006001186798,-0.21591245796972355,-inf,0.9727956580578152,-0.007291054655207584,25.997232949346387,-26.678350121137072,-0.34055858589533944,0.8501213574702027,inf,-inf,1.0000376066818149,1.0000376066818149
139,2.660116356777156,-0.0028896726244008793,0.2091627119217885,-0.21494205717059026,-inf,0.9783698649862109,-0.007686865413899951,31.872353518564534,-32.75301400141639,-0.44033024142592814,0.8539508148158684,inf,-inf,0.9999976242376423,0.9999976242376423
140,2.674903145206549,-0.003018311045650821,0.20781241497753744,-0.21384903706883907,-34018960944823.832,0.9839131722930452,-0.008073689709223049,39.486080902987304,-40.63308912337521,-0.5735041101939502,0.8577206678634772,2342224615702587.5,-2410262537592235.0,0.9999558738798059,0.9999558738798059
141,2.689689933635942,-0.0031418903906994533,0.2063508848378029,-0.2126346656192018,-inf,0.9894259206637352,-0.008450710956451815,49.442456008548945,-50.94807375812092,-0.7528088747859927,0.8614291807836406,inf,-inf,0.9999124281163447,0.9999124281163447
142,2.704476722065335,-0.003260178734040907,0.20478028502925424,-0.21130064249733607,-inf,0.9949084451802067,-0.008817077495986066,62.58417517218368,-64.5769021278542,-0.9963634778352626,0.8650746317326221,inf,-inf,0.9998673630063066,0.9998673630063066
143,2.719263510494728,-0.003372937462482432,0.2031032104344538,-0.20984908535941868,-inf,1.0003610754431107,-0.009171905764909158,80.0453036443743,-82.7039302882404,-1.3293133219330524,0.8686553136509608,inf,-inf,0.9998207582617993,0.9998207582617993
144,2.7340502989241213,-0.0034799226594899105,0.20132267001504692,-0.20828251533402672,-inf,1.0057841356907258,-0.009514283587411214,103.45886227101931,-107.0354971240645,-1.788317426522593,0.8721695350604081,inf,-inf,0.9997726973275326,0.9997726973275326
145,2.748837087353514,-0.003580886490848008,0.19944206872893191,-0.20660384171062793,-inf,1.0111779449146536,-0.009843273591646185,135.21926584126598,-140.07485970307525,-2.4277969309046483,0.875615620859517,inf,-inf,0.9997232674378167,0.9997232674378167
146,2.7636238757829075,-0.0036755785939135213,0.1974651886135806,-0.20481634580140762,-inf,1.0165428169724116,-0.010157916759455975,178.73989502594037,-185.39395427201157,-3.327029623035608,0.8789919131184192,inf,-inf,0.9996725596509795,0.9996725596509795
147,2.7784106642123003,-0.0037637474723488037,0.19539616902398624,-0.20292366396868386,-inf,1.0218790606970198,-0.010457236114576007,238.99495756019834,-248.20206404457255,-4.603553242187079,0.8822967718730216,inf,-inf,0.9996206688611073,0.9996206688611073
148,2.7931974526416936,-0.0038451418977269412,0.19323948602317134,-0.20092976981862523,-inf,1.0271869800036812,-0.01074024055377674,323.3044733649157,-336.1709076723317,-6.433217153707989,0.8855285759192546,inf,-inf,0.9995676937870346,0.9995676937870346
149,2.8079842410710865,-0.003919512319044083,0.1909999309350086,-0.19883895557309678,-inf,1.032466873993645,-0.011005928824559773,442.5485387056536,-460.7116285113979,-9.081544902872182,0.8886857236078467,inf,-inf,0.9995137369384695,0.9995137369384695
150,2.8227710295004798,-0.003986612280696727,0.18868258807518526,-0.1966558126365787,-inf,1.0377190370553415,-0.011253293651801555,613.0639680185732,-638.9704214829662,-12.953226732196496,0.8917666336398146,inf,-inf,0.9994589045591696,0.9994589045591696
151,2.8375578179298726,-0.004046199849178658,0.18629281168456063,-0.19438521138291798,-inf,1.0429437589628765,-0.011481326014943572,859.6362336691195,-896.9780931597589,-18.67092974531968,0.8947697458635049,inf,-inf,0.999403306547057,0.999403306547057
152,2.852344606359266,-0.004098039048251633,0.18383620209064547,-0.1920322801871487,-inf,1.0481413249719647,-0.011689019575930205,1220.2669604810808,-1274.6708438998326,-27.20194170937598,0.8976935220734604,inf,-inf,0.9993470563512088,0.9993470563512088
153,2.8671313947886587,-0.004141901302053837,0.18131858112736157,-0.18960238373146923,-inf,1.053312015913383,-0.011875375257234578,1753.8488004161836,-1833.9759289750245,-40.06356427942038,0.9005364468114598,inf,-inf,0.9992902708456449,0.9992902708456449
154,2.881918183218052,-0.004177566885176832,0.17874596684425534,-0.18710110061460902,-inf,1.0584561082840223,-0.012039405968000712,2552.649881686795,-2671.9685527981487,-59.65933555567682,0.9032970281703783,inf,-inf,0.999233070179871,0.999233070179871
155,2.896704971647445,-0.004204826378330782,0.17612454753333784,-0.1845342002899994,-inf,1.0635738743356047,-0.012180141475025096,3759.3110803713216,-3938.811900858647,-89.7504102436626,0.9059737986013372,inf,-inf,0.9991755776061851,0.9991755776061851
156,2.911491760076838,-0.00422348212784018,0.1734606551025797,-0.18190761935826008,-inf,1.0686655821611473,-0.012296633414038475,5593.528388924486,-5865.914852220369,-136.19323164794102,0.9085653157241448,inf,-inf,0.9991179192837603,0.9991179192837603
157,2.926278548506231,-0.0042333497068385295,0.1707607378221249,-0.17922743723580195,-inf,1.073731495779232,-0.01238796043544673,8428.582953357041,-8846.49095293275,-208.95399978785503,0.9110701631421214,inf,-inf,0.9990602240595754,0.9990602240595754
158,2.9410653369356243,-0.004234259375524983,0.16803133246417568,-0.17649985121522566,-inf,1.0787718752161544,-0.01245323347695121,12863.988917771678,-13512.31402336872,-324.1625527985212,0.9134869512610396,inf,-inf,0.9990026232263314,0.9990026232263314
159,2.955852125365017,-0.004226057537505868,0.16527903585724132,-0.17373115093225308,-inf,1.0837869765860098,-0.012491601154151571,19888.85848177832,-20905.944040916092,-508.5427795688842,0.915814318112993,inf,-inf,0.9989452502575188,0.9989452502575188
160,2.9706389137944105,-0.004208608188713846,0.1625104758701112,-0.1709276922475389,-inf,1.0887770521687838,-0.01250225525830716,31154.251469466017,-32767.883294068408,-806.8159123011947,0.918050930185093,inf,-inf,0.9988882405198961,0.9988882405198961
161,2.9854257022238038,-0.004181794355046151,0.1597322818419802,-0.1680958705520725,-inf,1.0937423504865023,-0.012484436348969195,49449.00341408794,-52038.15522429321,-1294.5759051026357,0.9201954832539248,inf,-inf,0.9988317309636862,0.9988317309636862
162,3.0002124906531966,-0.004145519514277964,0.15695105447331312,-0.16524209350186905,-inf,1.0986831163775004,-0.012437439426983322,79540.67736329095,-83742.46410878205,-2100.893372745555,0.9222467032253877,inf,-inf,0.9987758597908954,0.9987758597908954
163,3.01499927908259,-0.004099708997391562,0.15417333519509663,-0.16237275318987976,-inf,1.103599591068868,-0.012360619671583967,129679.25311287107,-136575.99955854003,-3448.3732228344757,0.9242033469804305,inf,-inf,0.9987207661022381,0.9987207661022381
164,3.0297860675119828,-0.00404431136395406,0.15140557504072893,-0.15949419776863705,-inf,1.108492012247119,-0.012253398223188394,214317.81265780271,-225767.43021642385,-5724.80877931056,0.9260642032272156,inf,-inf,0.9986665895232435,0.9986665895232435
165,3.044572855941376,-0.003979299745626538,0.14865410305282445,-0.1566127025440775,-inf,1.113360614127144,-0.01211526799118898,359094.47590829595,-378319.56996614387,-9612.547028923917,0.9278280933592293,inf,-inf,0.9986134698102361,0.9986134698102361
166,3.059359644370769,-0.00390467315137474,0.1459250942721199,-0.15373444057486937,-inf,1.1182056275194903,-0.011945799463773913,610066.246120187,-642714.6306035757,-16324.19224169443,0.9294938723198518,inf,-inf,0.9985615464369746,0.9985615464369746
167,3.0741464328001618,-0.003820457727497558,0.14322453737726237,-0.1508654528322575,-inf,1.123027279896021,-0.011744646494650431,1050935.4011906965,-1107001.9711807794,-28033.284995041315,0.9310604294738225,inf,-inf,0.9985109581628532,0.9985109581628532
168,3.0889332212295546,-0.0037267079648467087,0.14055820206422692,-0.14801161799392032,-inf,1.1278257954539985,-0.011511552038435782,1823631.8150672326,-1920334.0083274094,-48351.09663008832,0.9325266894846063,inf,-inf,0.9984618425837272,0.9984618425837272
169,3.103720009658948,-0.0036235078453040227,0.13793160629224954,-0.14517862198285758,-inf,1.1326013951786378,-0.011246353804626274,3208619.3257779577,-3377202.2577408673,-84291.46598145454,0.9338916131988342,inf,-inf,0.998414335666508,0.998414335666508
170,3.118506798088341,-0.0035109719188650204,0.1353499835563302,-0.14237192739406024,-inf,1.1373542969041721,-0.010948989796877834,5725054.50453526,-6022069.769277122,-148507.63237093063,0.9351541985370939,inf,-inf,0.9983685712688531,0.9983685712688531
171,3.133293586517734,-0.0033892463021809108,0.1328182503921331,-0.1395967429964949,-8590980970360684.0,1.1420847153734766,-0.010619503701752393,10360497.666767228,-10889254.49502198,-264378.41412737523,0.9363134813909202,3.3666454423839917e+17,-3.5384650617912045e+17,0.9983246806454086,0.9983246806454086
172,3.1480803749471273,-0.003258509588911211,0.13034097436664988,-0.1368579935444723,-2464869199065110.0,1.1467928622962862,-0.010258050088428415,19018610.425790183,-19969536.636697207,-475463.1054535126,0.937368536526258,9.859521487547307e+16,-1.035249532736033e+17,0.9982827919422346,0.9982827919422346
173,3.16286716337652,-0.0031189736616887807,0.12792234286393656,-0.13416029018731412,-inf,1.1514789464060504,-0.009864899377991673,35418483.177885495,-37145614.087085485,-863565.4545999967,0.938318478492802,inf,-inf,0.9982430296811652,0.9982430296811652
174,3.1776539518059135,-0.0029708843950122382,0.12556613302497133,-0.13150790181499578,-inf,1.1561431735154626,-0.009440442538169159,66924939.0616915,-70091816.18541376,-1583438.5618611327,0.9391624625391202,inf,-inf,0.9982055142360904,0.9982055142360904
175,3.1924407402353063,-0.0028145222379339155,0.12327568326046898,-0.1289047277363368,-inf,1.160785746570698,-0.00898519545667848,128323005.70712885,-134182522.25814441,-2929758.27550778,0.9398996855330565,inf,-inf,0.9981703613032398,0.9981703613032398
176,3.2072275286646996,-0.002650202665008629,0.12105386680099806,-0.1263542721310153,-inf,1.1654068657044028,-0.008499802943756225,249705878.03676364,-260639377.32810384,-5466749.645670092,0.9405293868874687,inf,-inf,0.9981376813677981,0.9981376813677981
177,3.2220143170940925,-0.0024782764835639785,0.11890306779434183,-0.1238596207614698,-inf,1.170006728287459,-0.007985042311760742,493182232.955322,-513740860.29299116,-10279313.66883461,0.9410508494901326,inf,-inf,0.9981075791693164,0.9981075791693164
178,3.2368011055234858,-0.002299129985115892,0.11682516049037686,-0.12142342046060864,-inf,1.1745855289795697,-0.007441826477565315,988744713.5068895,-1027661888.692551,-19458587.59283078,0.9414634006379164,inf,-inf,0.9980801531685812,0.9980801531685812
179,3.2515878939528786,-0.0021131849284869615,0.11482149206846072,-0.11904786192543464,-inf,1.1791434597786867,-0.006871206531151883,2012331522.750431,-2086401778.5603793,-37035127.90497424,0.9417664129741616,inf,-inf,0.998055495018796,0.998055495018796
180,3.266374682382272,-0.0019208983421181852,0.11289286966141346,-0.11673466634564983,-inf,1.1836807100693207,-0.0062743737121249196,4122115677.4073553,-4262393184.649384,-70138753.62101439,0.9419593054290771,inf,-inf,0.9980336890440624,0.9980336890440624
181,3.2811614708116648,-0.0017227621329868048,0.11103955209780396,-0.11448507636377757,-inf,1.1881974666697572,-0.0056526607341296255,8546391123.360573,-8811583097.26284,-132595986.95113379,0.9420415441620241,inf,-inf,0.9980148117284156,0.9980148117284156
182,3.295948259241058,-0.0015193024897009674,0.10926124683851038,-0.1122998518179123,-inf,1.1926939138782142,-0.0050075423961905095,17989348291.245136,-18489640250.889027,-250145979.82194513,0.9420126435049264,inf,-inf,0.9979989312187292,0.9979989312187292
183,3.310735047670451,-0.001311079067565158,0.10755711250080381,-0.11017927063593412,-159154338533384.38,1.1971702335179628,-0.004340635419255064,38447063381.36302,-39384372664.52696,-468654641.5819711,0.9418721669060313,1.3056558920139648e+16,-1.3374867597206416e+16,0.9979861068450578,0.9979861068450578
184,3.325521836099844,-0.0010986839438468683,0.10592576726344041,-0.10812313515113414,-inf,1.2016266049814468,-0.003653697446235056,83435376620.36206,-85166194550.87796,-865408965.2579479,0.9416197278729379,inf,-inf,0.9979763886620877,0.9979763886620877
185,3.340308624529237,-0.0008827403320321066,0.10436530331941471,-0.10613078398347892,-inf,1.20606320527342,-0.002948625144306648,183873229452.34845,-186983694529.45972,-1555232538.5556314,0.9412549909140668,inf,-inf,0.9979698170155158,0.9979698170155158
186,3.3550954129586303,-0.0006639010446635694,0.10287330740167701,-0.10420110949100415,-inf,1.2104802090531324,-0.0022274513496091846,411469919676.9829,-416780827169.33264,-2655453746.174887,0.9407776724771797,inf,-inf,0.9979664221372974,0.9979664221372974
187,3.369882201388023,-0.0004428466953149135,0.10144688725126555,-0.10233258064189538,-inf,1.2148777886755895,-0.0014923411964852318,935383056300.024,-943549522646.3015,-4083233173.138704,0.9401875418835659,inf,-inf,0.9979662237738156,0.9979662237738156
188,3.3846689898174165,-0.00022028363155563238,0.10008270374303292,-0.10052327100614418,-9086777379841.793,1.2192561142319065,-0.0007455871766907142,2159206650819.6172,-2168711547560.6733,-4752448370.528061,0.939484422257279,4128446775928168.5,-4146620330687852.0,0.9979692308510584,0.9979692308510584
189,3.3994557782468093,3.058407849174799e-06,0.0987770082269339,-0.09877089141123556,inf,1.2236153535887844,1.0396922235112667e-05,5058556578746.043,-5058243325096.766,156626824.63906762,0.938668191447098,inf,-inf,0.9979754411810007,0.9979754411810007
190,3.4142425666762026,0.00022642891646379795,0.09752568450659997,-0.09707282667367238,inf,1.2279556724271286,0.000773083244917069,12047368797075.36,-11991427171507.44,27970812783.95883,0.9377387829403316,inf,-inf,0.9979848412133295,0.9979848412133295
191,3.429029355105596,0.00044905952730147844,0.09632429475506221,-0.09542617570045925,inf,1.2322772342798338,0.0015398383013066124,29206027073222.92,-28933712705488.27,136157183867.32765,0.9366961867676452,inf,-inf,0.9979974058366866,0.9979974058366866
192,3.4438161435349883,0.0006701672042882141,0.09516812857508629,-0.09382779416650987,20802690225372.082,1.2365802005687552,0.0023079326369954624,72036466760325.69,-71021915391954.94,507275684185.3718,0.9355404503946069,2954118144558567.0,-2912512764107823.0,0.9980130982335187,0.9980130982335187
193,3.4586029319643816,0.0008889577159256756,0.09405225435102767,-0.09227433891917632,inf,1.2408647306408878,0.0030745517626929015,175225739224772.4,-171913361993892.38,1656188615440.0269,0.9342716796012516,inf,-inf,0.9980318697924965,0.9980318697924965
194,3.4733897203937745,0.0011046293862977084,0.09297157200951128,-0.09076231323691586,inf,1.2451309818037746,0.003836808355211344,445415837305943.9,-434831539065612.8,5292149120165.566,0.9328900393468205,inf,-inf,0.9980536600823142,0.9980536600823142
195,3.4881765088231678,0.0013163771152176831,0.09192086630959634,-0.08928811207916096,inf,1.249379109360162,0.0045917557300547305,1824680620301632.5,-1772418975963855.0,26130822168888.934,0.9313957546159536,inf,-inf,0.9980783968905232,0.9980783968905232
196,3.5029632972525606,0.001523396655743782,0.09089485982094733,-0.08784806650945978,inf,1.253609266641922,0.005336402572227762,5478826744521631.0,-5295176616088727.0,91825064216451.47,0.9297891112474957,inf,-inf,0.9981059963306794,0.9981059963306794
197,3.517750085681954,0.0017248891335333028,0.08988826480683396,-0.08643848653976735,inf,1.2578216050432611,0.006067728897278647,2.5537831158115256e+16,-2.4557727079939924e+16,490052039087667.56,0.9280704567408699,inf,-inf,0.9981363630208604,0.9981363630208604
198,3.5325368741113468,0.0019200657883443016,0.08889583331499946,-0.08505570173831085,199927436872371.34,1.2620162740532312,0.006782703198045918,inf,-inf,inf,0.9262402010397901,9256305805347978.0,-8856450931603235.0,0.9981693903361184,0.9981693903361184
199,3.54732366254074,0.0021081529136092285,0.08791240487284983,-0.08369609904563137,inf,1.2661934212875632,0.007478300714700221,inf,-inf,inf,0.92429881728979,inf,-inf,0.9982049607370584,0.9982049607370584
