,m,spdy,spdy_up,spdy_dn,epk,ret,spd_ret,cb_ret_up,cb_ret_dn,epk_ret,volatility,epk_up,epk_dn,cdf_m,cdf_ret
0,0.5336337436649092,0.045515722858695665,0.05465044826577196,0.03638099745161937,0.3322983599435565,-0.6280455486273171,0.02428872558470025,813.960443115762,541.856357018396,677.908400067079,1.3304211025844712,0.398988595331662,0.26560812455545096,0.005591284184359169,0.005591284184359169
1,0.5388723238364284,0.04824749022784011,0.057892822682400584,0.03860215777327964,0.32377978048964495,-0.6182766121318959,0.02599923717835157,501.91373092661894,334.6693446974517,418.29153781203536,1.31728490824316,0.3885077820942798,0.25905177888501013,0.0058466504595877655,0.0058466504595877655
2,0.5441109040079476,0.05114599057810226,0.06132184849688699,0.04097013265931754,0.31768357140963377,-0.6086021852427138,0.027829091169833193,316.67848360100953,211.5780884221636,264.12828601158657,1.3043460867088532,0.38088897322622484,0.2544781695930427,0.006117064677325201,0.006117064677325201
3,0.5493494841794668,0.05422201395003734,0.06494863090336848,0.0434953969967062,0.31380862755547834,-0.5990204568008889,0.02978683539462487,204.41357871706546,136.89356702598474,170.6535728715251,1.2916014693098503,0.3758886703133858,0.25172858479757093,0.006403436871823653,0.006403436871823653
4,0.554588064350986,0.05748702245111215,0.06878492691447156,0.04618911798775274,0.31195940063153155,-0.5895296672167063,0.03188161650646396,134.9681197615566,90.6311700527533,112.79964490715494,1.27904792944695,0.37326867278559356,0.25065012847746954,0.006706735597250657,0.006706735597250657
5,0.5598266445225052,0.06095318746323993,0.0728431810238047,0.04906319390267516,0.31193598415324575,-0.5801281065302368,0.03412321841049684,91.13815466389603,61.38569034684883,76.26192250537244,1.2666823833305882,0.3727845959691139,0.25108737233737766,0.007027991498716135,0.007027991498716135
6,0.5650652246940244,0.06463342826380036,0.07713656229577642,0.0521302942318243,0.3135282217668202,-0.5708141125622772,0.03652210266462946,62.924645234367574,42.52562173982639,52.72513348709698,1.254501790696062,0.374179273163288,0.25287717037035246,0.007368301077534611,0.007368301077534611
7,0.5703038048655436,0.0685414520199843,0.08167900284155502,0.05540390119841356,0.316514645892051,-0.561586069150608,0.03908945087800614,44.41002030581968,30.123878740490383,37.26694952315503,1.2425031554608499,0.37718198111228957,0.2558473106718125,0.007728830658755403,0.007728830658755403
8,0.5755423850370628,0.07269179507810332,0.08648523762673845,0.0588983525294682,0.3206672437712336,-0.5524424044668892,0.04183720911187701,32.02951836617171,21.812807779077165,26.921163072624438,1.2306835263810012,0.3815146227558261,0.25981986478664115,0.008110820566359922,0.008110820566359922
9,0.580780965208582,0.07709986547154007,0.09157084552779672,0.06262888541528343,0.32576259173813527,-0.5433815894098121,0.04477813428601287,23.598100241035983,16.139664404055168,19.868882322545574,1.2190399976416633,0.3869054217454996,0.26461976173077095,0.008515589513797717,0.008515589513797717
10,0.5860195453801011,0.08178198652232635,0.09695229154076104,0.06661168150389166,0.3315987003697025,-0.5344021360703956,0.04792584256209525,17.753493472595853,12.197649317868734,14.975571395232295,1.2075697094537967,0.393109231505451,0.270088169233954,0.008944539214307823,0.008944539214307823
11,0.5912581255516204,0.0867554414127904,0.10264697000774148,0.07086391281783933,0.338015216535254,-0.5255025962655738,0.05129485967112987,13.623496278797951,9.405189968121672,11.514343123459811,1.1962698485779857,0.3999315458354543,0.27609888723505366,0.009399159217865272,0.009399159217865272
12,0.5964967057231396,0.09203851853903094,0.10867324870837367,0.07540378836968822,0.34491306586577336,-0.5166815601364664,0.054900673108170074,10.664915037182151,7.399935181862507,9.032425109522329,1.1851376488572805,0.4072514854061177,0.282574646325429,0.009881031977155286,0.009881031977155286
13,0.6017352858946589,0.09765055746064695,0.11505051361773089,0.08025060130356301,0.35226899717105314,-0.5079376548079297,0.058759786111355204,8.512757226409613,5.937860377055623,7.225308801732618,1.1741703916848816,0.4150383787871941,0.28949961555491216,0.010391838148039234,0.010391838148039234
14,0.606973866066178,0.10361199518946328,0.12179921410454515,0.0854247762743814,0.3601413269669698,-0.49926954310620836,0.06288977329097876,6.923085450354861,4.855556992489,5.889321221421931,1.1633654064631624,0.42335764803036785,0.29692500590357185,0.01093336212514573,0.01093336212514573
15,0.6122124462376972,0.10994441254263436,0.12894090829390062,0.09094791679136811,0.36866530194261093,-0.4906759223316861,0.06730933775289275,5.731647947802231,4.042793303781867,4.8872206257920485,1.1527200710182568,0.43236429928161924,0.30496630460360263,0.011507497814640888,0.011507497814640888
16,0.6174510264092165,0.11667058022093325,0.13649830827597312,0.09684285216589339,0.37803903655234417,-0.482155523083925,0.07203836950917407,4.8261964480135235,3.4240910018721724,4.1251437249428475,1.1422318119935613,0.4422853546623168,0.31379271844237155,0.012116254642800639,0.012116254642800639
17,0.6226896065807356,0.1238145042350204,0.144495324788961,0.10313368368107981,0.3885028836821291,-0.4737071081363357,0.07709800493109367,4.128915065928641,2.9470172891577278,3.5379661775431845,1.1318981052052852,0.4533947836397273,0.32361098372453084,0.012761763798532888,0.012761763798532888
18,0.6279281867522548,0.13140147023455603,0.15295711094762468,0.10984582952148739,0.40031572367907103,-0.46532947135798847,0.08251068694096515,3.585114102391323,2.574642199153495,3.0798781507724087,1.1217164759709988,0.465985170877911,0.33464627648023104,0.013446284704881961,0.013446284704881961
19,0.633166766923774,0.13945808624026884,0.1619101045275365,0.11700606795300116,0.4137310903745266,-0.4570214366802141,0.08830022558612788,3.1558603604654487,2.2806162275313877,2.718238293998418,1.1116844994071509,0.48033961955723825,0.3471225611918149,0.014172211712783711,0.014172211712783711
20,0.6384053470952932,0.14801232320778118,0.17138206824676636,0.12464257816879601,0.4289749026811461,-0.4487818571057795,0.09449185857184426,2.813114136580373,2.045918819007367,2.42951647779387,1.1017998006971972,0.496705979976032,0.3612438253862602,0.014942081007294772,0.014942081007294772
21,0.6436439272668124,0.15709355277953876,0.18140212741412967,0.13278497814494786,0.4462255560927162,-0.44060961375854973,0.1011123112593186,2.536481822970215,1.8566854106360562,2.1965836168031356,1.092060055331116,0.5152742665090131,0.3771768456764193,0.015758577713407274,0.015758577713407274
22,0.6488825074383316,0.16673258150632958,0.19200080423302301,0.14146435877963615,0.4655967300025225,-0.4325036149716706,0.10818985555949315,2.311020238659099,1.7027376395355824,2.0068789390973407,1.0824629893119204,0.5361576351851564,0.3950358248198887,0.016624543185561835,0.016624543185561835
23,0.6541210876098509,0.17696168072817978,0.2032100479665626,0.15071331348979694,0.48712358901629066,-0.42446279541240894,0.11575436706318415,2.125730380734015,1.576574940423554,1.8511526605787847,1.073006379336419,0.5593776431276933,0.4148695349048879,0.01754298246026298,0.01754298246026298
24,0.65935966778137,0.18781461122066037,0.21506326007925758,0.16056596236206316,0.5107538503218498,-0.4164861152418993,0.12383737965894179,1.9725048876416569,1.4726696946346656,1.7225872911381612,1.0636880529474393,0.5848553924230941,0.4366523082206055,0.018517071847456767,0.018517071847456767
25,0.6645982479528892,0.19932664161737823,0.2275953133726309,0.17105796986212557,0.5363459354741992,-0.4085725593081375,0.13247213678924302,1.845375111221395,1.3869623037571122,1.6161687074892535,1.0545058886547514,0.6124109665917564,0.4602809043566419,0.019550166631564392,0.019550166631564392
26,0.6698368281244085,0.2115345595154403,0.2408425640345021,0.18222655499637852,0.5636764636174294,-0.40072113637065754,0.14169363838451646,1.7399577954995666,1.3164887036643476,1.528223249581957,1.045457816029082,0.6417735479937653,0.48557937924109346,0.020645808847221003,0.020645808847221003
27,0.6750754082959276,0.22447667406908897,0.2548428554150547,0.19411049272312325,0.592458101044256,-0.39293087835540735,0.1515386824001021,1.6530377755323074,1.2590974017141563,1.4560675886232317,1.0365418157702078,0.6726031326418785,0.5123130694466335,0.02180773508934475,0.02180773508934475
28,0.6803139884674468,0.23819280877116164,0.2696355122318742,0.20675010531044907,0.6223661157948579,-0.3852008396384247,0.16204589975937284,1.582247191340903,1.2132295584106048,1.397738374875754,1.0277559197434716,0.7045217162258246,0.5402105153638912,0.02303988431085957,0.02303988431085957
29,0.685552568638966,0.25272428300501876,0.28526132379778946,0.22018724221224806,0.6530685006209727,-0.37753009635698914,0.17325578137153158,1.5258166570531326,1.1777459256137834,1.351781291333458,1.0190982109928814,0.7371479416328053,0.5689890596091399,0.024346405553953288,0.024346405553953288
30,0.6907911488104852,0.268113880844671,0.30176251474689675,0.2344652469424453,0.6842515810228288,-0.3699177457469908,0.18521069576072785,1.4823821568151916,1.1517901709967868,1.3170861639059892,1.0105668237240055,0.7701260268900874,0.5983771351555702,0.025731665553854755,0.025731665553854755
31,0.6960297289820044,0.28440580546190863,0.319182701625708,0.2496289092981093,0.7156322101247106,-0.36236290550533257,0.19795489569656094,1.4508356075916293,1.1346808848013956,1.2927582461965124,1.0021599432627872,0.8031390984688396,0.6281253217805817,0.02720025614528232,0.02720025614528232
32,0.7012683091535237,0.30164561739546003,0.3375668335959294,0.26572440119499063,0.746949936096397,-0.3548647131762354,0.21153451207448498,1.4302093225131072,1.1258259935074126,1.2780176580102598,0.993875805985753,0.835899844857277,0.658000027335517,0.028757001393973303,0.028757001393973303
33,0.7065068893250428,0.31988015482359183,0.35696111539558834,0.28279919425159533,0.7779376278619929,-0.34742232556038166,0.22599753314122895,1.419586788558974,1.1246547107232878,1.2721207496411309,0.9857126992258016,0.8681172594247307,0.687757996299255,0.030406964365276568,0.030406964365276568
34,0.711745469496562,0.3391574338866344,0.3774129105919617,0.3009019571813071,0.8082755485076791,-0.3400349181458827,0.2413937670148918,1.4180351977468606,1.130564308689815,1.2742997532183378,0.9776689611517227,0.899445498884638,0.7171055981307202,0.03215545343310566,0.03215545343310566
35,0.7169840496680813,0.35952652701431337,0.3989706230731314,0.3200824309554953,0.8375279124515828,-0.33270168456011273,0.25777478530182324,1.4245591172405243,1.1428820041283614,1.2837205606844428,0.9697429806212564,0.9294141265371609,0.7456416983660047,0.0340080280217302,0.0340080280217302
36,0.7222226298396004,0.38103741712812944,0.4216835546399146,0.3403912796163443,0.8651265390942147,-0.3254218360414944,0.27519384546556647,1.4380851983378924,1.1608507267435764,1.2994679625407344,0.961933197010839,0.9574115764486795,0.7728415017397499,0.035970503661678754,0.035970503661678754
37,0.7274612100111196,0.40374082553667007,0.4456017364912376,0.36187991458210256,0.890342816074711,-0.31819460093037255,0.29370578947579434,1.4574571373300758,1.1836230004782644,1.32054006890417,0.954238100019108,0.9826559015626616,0.7980297305867605,0.038048956231065634,0.038048956231065634
38,0.7326997901826389,0.42768801129225636,0.4707757323533067,0.384600290231206,0.9123114405206108,-0.3110192241781558,0.3133669161374663,1.4814681260907103,1.210285560843578,1.3458768434671442,0.9466562294462794,1.0042228802431878,0.8204000007980337,0.040249725241182865,0.040249725241182865
39,0.737938370354158,0.45293053976350023,0.4972564109817828,0.40860466854521765,0.9301086392140888,-0.30389496687394163,0.3342348243967065,1.5089884952701842,1.2399633877641631,1.3744759415171737,0.9391861749495097,1.0211333596543202,0.8390839187738574,0.04257941601386428,0.04257941601386428
40,0.7431769505256772,0.4795200181937975,0.5250946857703123,0.43394535061728284,0.942868440905878,-0.2968211057878855,0.3563682248372837,1.53905679863223,1.2718973552791109,1.4054770769556704,0.9318265757741443,1.0324807910315936,0.8532560907801625,0.04504490058695465,0.04504490058695465
41,0.7484155306971965,0.5075077960643969,0.5543412192492341,0.46067437287955965,0.9499195812489086,-0.28979693293060815,0.3798267165245002,1.5709953912760153,1.3055448369019274,1.4382701140889713,0.9245761204612821,1.0375792902921732,0.8622598722056439,0.04765331717213439,0.04765331717213439
42,0.7536541108687156,0.5369446281736845,0.5850460903408339,0.4888431660065351,0.9509104707820545,-0.2828217551279686,0.40467052633197126,1.6045042600171318,1.3406652147368479,1.4725847373769898,0.9174335465322256,1.0360965060539702,0.8657244355101387,0.05041206797855424,0.05041206797855424
43,0.7588926910402348,0.5678802984855709,0.6172584223731643,0.5185021745979774,0.9458880062178928,-0.2758948936105644,0.4309602079064467,1.6397077555686135,1.3773680619841107,1.508537908776362,0.9103976401495841,1.0281345206318853,0.8636414918039003,0.05332881520504007,0.05332881520504007
44,0.7641312712117541,0.6003632029952811,0.6510259700449966,0.5497004359455656,0.9353075471437795,-0.2690156836173534,0.4587562974935445,1.6771403745141364,1.4161106275815842,1.5466255010478605,0.9034672357559379,1.0142352165018873,0.8563798777856717,0.056411474993802724,0.056411474993802724
45,0.7693698513832732,0.6344398901204391,0.6863946637848582,0.58248511645602,0.9199723651670524,-0.26218347401281505,0.4881189239735824,1.7176739139842192,1.457644621395492,1.5876592676898555,0.8966412156898876,0.9953096142178663,0.8446351161162384,0.059668209130144256,0.059668209130144256
46,0.7746084315547924,0.6701545574515803,0.7234081102689616,0.616901004634199,0.9009218835926991,-0.2553976269171013,0.5191073706468646,1.7624019147105603,1.5029241396670987,1.6326630271888296,0.8899185097798148,0.9725132658772326,0.8293305013081655,0.06310741426530109,0.06310741426530109
47,0.7798470117263117,0.7075485040987938,0.7621070482596477,0.6529899599379398,0.8792998194330007,-0.24865751734865302,0.5517795865728663,1.8125030799586666,1.5529922158210654,1.682747647889866,0.8832980949158699,0.9471019810533832,0.8114976578126183,0.06673770843422477,0.06673770843422477
48,0.7850855918978308,0.7466595383575149,0.8025287594035903,0.6907903173114395,0.8562324864183501,-0.24196253287877942,0.5861916456175706,1.869102922587942,1.6088622193948592,1.7389825709914006,0.8767789946002473,0.9203005650981838,0.7921644077385165,0.07056791463728318,0.07056791463728318
49,0.79032417206935,0.7875213409871935,0.8447064341983482,0.7303362477760388,0.8327373575891538,-0.2353120732977229,0.622397151802648,1.9331459797215647,1.6714050279172632,1.8022755038194138,0.8703602784760816,0.893205767695288,0.7722689474830194,0.07460704125409645,0.07460704125409645
50,0.7955627522408693,0.8301627850633698,0.8886684939957192,0.7716570761310204,0.8096690630835582,-0.2287055502917565,0.6604465900929597,2.0052844244374426,1.741247637591985,1.8732660310147138,0.864041061835314,0.8667304772888201,0.7526076488782965,0.07886425906079686,0.07886425906079686
51,0.8008013324123884,0.8746072141241445,0.9344378706717249,0.8147765575765642,0.7876997107305602,-0.22214238713087658,0.700386622408102,2.085786140542429,1.818686618737328,1.9522363796398785,0.8578205051053419,0.8415851464944812,0.7338142749666391,0.0833488746279627,0.0833488746279627
52,0.8060399125839076,0.9208716811919349,0.9820312464455209,0.8597121159383488,0.7673249549284062,-0.21562201836667758,0.7422593294089432,2.174466998835611,1.9036213270946891,2.03904416296515,0.8516978133156075,0.8182867356087565,0.716363174248056,0.08807029988767978,0.08807029988767978
53,0.8112784927554268,0.9689661522105226,1.0314582572962512,0.9064740471247941,0.7488860675642288,-0.20914388954001392,0.7861013994963784,2.2706563774067074,1.9955156318714777,2.1330860046390923,0.8456722355434072,0.7971844180532497,0.7005877170752078,0.09303801767266284,0.09303801767266284
54,0.816517072926946,1.0188926784909853,1.0827206644796625,0.9550646925023081,0.7325996608362978,-0.20270745689806927,0.8319432674681552,2.3732083354631976,2.093400046301275,2.2333041908822366,0.8397430643396757,0.7784929741108839,0.6867063475617118,0.09826154305111134,0.09826154305111134
55,0.8217556530984653,1.0706445439060734,1.1358114997974722,1.0054775880146747,0.7185890256140048,-0.19631218712047255,0.8798082064138439,2.4805690657785324,2.1959247653396274,2.33824691555908,0.8339096351350184,0.7623274069495933,0.6748506442784163,0.10375038030706185,0.10375038030706185
56,0.8269942332699844,1.1242053938013046,1.190714191510145,1.0576965960924642,0.7069132427637549,-0.1899575570541187,0.9297113776846908,2.5909012640186657,2.3014653451712537,2.44618330459496,0.8281713256260377,0.7487347374122538,0.665091748115256,0.10951397544804453,0.10951397544804453
57,0.8322328134415037,1.1795483538902949,1.2474016790951687,1.111695028685421,0.6975918759571391,-0.18364305345635826,0.9816588451484145,2.702248358688782,2.408266813306466,2.555257585997624,0.822527555142304,0.7377207339759603,0.6574630179383181,0.11556166416057989,0.11556166416057989
58,0.8374713936130228,1.2366351487552414,1.3058355264186756,1.1674347710918072,0.6906241396066976,-0.17736817274624783,1.0356465614188999,2.8127018141183706,2.5145937846555353,2.663647799386953,0.8169777839941357,0.7292705029519195,0.6519777762614755,0.12190261517978374,0.12190261517978374
59,0.842709973784542,1.2954152309616054,1.3659650442955595,1.2248654176276512,0.68600210840371,-0.17113242076355395,1.091659335323751,2.9205225985044025,2.618842368805205,2.7696824836548037,0.811521512801554,0.7233625774933429,0.648641639314077,0.1285457690920364,0.1285457690920364
60,0.8479485539560612,1.3558249331928893,1.4277264348300465,1.2839234315557322,0.6837179752407271,-0.1649353125352263,1.1496697915184837,3.02417227374329,2.719572565582136,2.871872419662713,0.8061582818046029,0.7199766011979554,0.6474593492834989,0.1354997726498447,0.1354997726498447
61,0.8531871341275804,1.4177866571862963,1.4910419713288703,1.3445313430437222,0.6837657039748544,-0.1587763720490606,1.2096373348490983,3.1222323613168808,2.815440041781388,2.9688362015491343,0.8008876701551154,0.7190950472090492,0.6484363607406597,0.1427729087451749,0.1427729087451749
62,0.8584257142990996,1.4812081145678142,1.5558192289224309,1.4065970002131976,0.6861377296330671,-0.15265513203429054,1.2715071337734984,3.2131559130956537,2.9049746812217734,3.0590652971587136,0.7957092951904544,0.7206997200145517,0.6515757392515824,0.1503730222621844,0.1503730222621844
63,0.8636642944706188,1.5459816359082936,1.621950382281961,1.4700128895346263,0.6908176503523555,-0.14657113374885353,1.3352091388412695,3.295202142914145,2.986521459978813,3.140861801446479,0.7906228116892542,0.7247640761384793,0.6568712245662319,0.15830744211144265,0.15830744211144265
64,0.8689028746421381,1.61198356540125,1.6893115879324272,1.5346555428700728,0.6977701311920458,-0.140523926773088,1.4006571538530292,3.3661311702566366,3.057962720059615,3.212046945158126,0.7856279111095175,0.7312426712256473,0.6642975911584443,0.1665828998348644,0.1665828998348644
65,0.8741414548136572,1.6790737594557177,1.7577624695836804,1.600385049327755,0.7069294966573074,-0.13451306880963335,1.4677479788300578,3.4231267937014,3.11664461916205,3.269885706431725,0.7807243208092435,0.7400592921353842,0.6737997011792306,0.17520544526356818,0.17520544526356818
66,0.8793800349851764,1.7470952081468134,1.827145725585562,1.6670446907080647,0.7181887188835995,-0.12853812548930482,1.5363606452625787,3.4629263952944775,3.159492415274319,3.3112094052843983,0.7759118032498769,0.7510955566433382,0.6852818811238608,0.18418035980757563,0.18418035980757563
67,0.8846186151566957,1.8158737988230125,1.897286878000468,1.734460719645557,0.7313906789559023,-0.12259867018273587,1.6063557652141416,3.4821519494504396,3.183311836596964,3.332731893023702,0.7711901551829782,0.7641819265052003,0.6985994314066041,0.19351206805619936,0.19351206805619936
68,0.8898571953282148,1.885218241177853,1.9679941828257639,1.8024422995299423,0.7463236069387854,-0.11669428381758112,1.6775750166761145,3.477826488888947,3.1852642800998194,3.331545384494383,0.766559206820039,0.7790930964276127,0.7135541174499581,0.20320404846891893,0.20320404846891893
69,0.8950957754997341,1.9549201726988963,2.039058720530224,1.8707816248675684,0.7627223578656854,-0.11082455470108213,1.7498407880219926,3.4479699788028744,3.1634198733433796,3.305694926073127,0.7620188209860793,0.7955494535627482,0.7298952621686227,0.21325874403709244,0.21325874403709244
70,0.9003343556712533,2.0247544625629654,2.1102546852483375,1.9392542398775936,0.7802765159381035,-0.1049890783478131,1.8229560044441222,3.3921139602579666,3.1172405044579294,3.254677232357948,0.7575688922571562,0.8132256053721018,0.7473274265041054,0.2236774738941807,0.2236774738941807
71,0.9055729358427724,2.0944797307073606,2.181339889655103,2.0076195717596184,0.798645184936487,-0.09918745731242164,1.8967041587998439,3.3115728294246116,3.047841584518687,3.179707206971649,0.7532093460819642,0.8317657956014582,0.7655245742715158,0.2344603469444997,0.2344603469444997
72,0.9108115160142916,2.1638390969320715,2.2520565006810833,2.07562169318306,0.8174768617477987,-0.09341930102719367,1.9708495682876956,3.209376287579109,2.9579413491943516,3.0836588183867306,0.7489401378880687,0.8508045183515303,0.7841492051440672,0.24560617866458445,0.24560617866458445
73,0.9160500961858109,2.2325611724572076,2.322132018801825,2.1429903261125904,0.8364313864589666,-0.0876842256442768,2.045137876770132,3.089878935328352,2.851509136282585,2.9706940358054683,0.7447612521728944,0.8699891980515926,0.8028735748663406,0.2571124123046411,0.2571124123046411
74,0.92128867635733,2.3003613033544914,2.3912805106288593,2.2094420960801235,0.8552001552717963,-0.0819818538824028,2.119296820311082,2.958166010369479,2.733220331722984,2.845693171046231,0.740672701579816,0.8890009847609915,0.8213993257826011,0.2689750457770229,0.2689750457770229
75,0.9265272565288492,2.3669430716931816,2.459204100939791,2.2746820424465723,0.8735210326552948,-0.07631181487795337,2.1930372705758505,2.8194207469300347,2.6078704653640576,2.7136456061470464,0.7366745259598064,0.90756999247404,0.8394720728365496,0.2811885655613978,0.2811885655613978
76,0.9317658367003685,2.4320000561140955,2.5255947261423612,2.33840538608583,0.8911858177319242,-0.07067374404022674,2.2660545671404932,2.678396890538038,2.479882322401021,2.5791396064695298,0.7327667914188342,0.9254827916710466,0.8568888437928016,0.29374588897902776,0.29374588897902776
77,0.9370044168718876,2.4952178489009316,2.5901361464957557,2.4002995513061074,0.9080403277903932,-0.06506728291076136,2.338030145477743,2.539075085355308,2.3529808640971566,2.4460279747262326,0.7289495893514645,0.9425822585076947,0.8734983970730916,0.3066383161889098,0.3066383161889098
78,0.9422429970434069,2.5562763215238764,2.6525062092864924,2.4600464337612604,0.9239795716789861,-0.05949207902657898,2.4086334624637527,2.404512718924358,2.2300467830816553,2.3172797510030065,0.7252230354610386,0.9587623726340152,0.8891967707239571,0.31985549323338713,0.31985549323338713
79,0.9474815772149261,2.614852125167286,2.712379349654561,2.5173249006800105,0.9389419011901868,-0.053947785787221716,2.477524215737301,2.2768500066279347,2.1131156368403627,2.1949828217341487,0.7215872687667353,0.9739620068001842,0.9039217955801895,0.33338538740837564,0.33338538740837564
80,0.9527201573864452,2.670621407021414,2.7694293099875193,2.5718135040553087,0.9529039739866394,-0.048434062325452956,2.5443548472170514,2.157417058327269,2.0034720888074786,2.080444573567374,0.718042450598048,0.9881596051854845,0.9176483427877942,0.347214276151651,0.347214276151651
81,0.9579587375579645,2.723262717254246,2.8233320528894232,2.6231933816190685,0.9658833105813867,-0.04295057338150356,2.6087733146595493,2.046889925131569,1.9017912182921601,1.9743405717118645,0.7145887635770443,1.0013757735665365,0.9303908475962368,0.3613267505304423,0.3613267505304423
82,0.9631973177294837,2.7724600757209568,2.873768836819493,2.6711513146224206,0.9779451504604588,-0.03749698918074807,2.670426108446507,1.945456907585571,1.8082908094966155,1.8768738585410933,0.7112264105887526,1.0136803491322401,0.9422099517886774,0.3757057342666654,0.3757057342666654
83,0.9684358979010028,2.8179061617836347,2.9204294177575396,2.71538290580973,0.9892133905130353,-0.03207298531469749,2.7289614839877028,1.852971096517459,1.7228719892523516,1.7879215428849053,0.7079556137403485,1.0252037222791537,0.9532230587469169,0.39033251906473987,0.39033251906473987
84,0.9736744780725219,2.859305585281127,2.9630153348663653,2.755595835695889,0.9998814832324863,-0.026678242625202173,2.7840328733984485,1.769076918474233,1.6452365035745495,1.7071567110243913,0.7047766133094102,1.036148141394091,0.9636148250708816,0.40518681680415536,0.40518681680415536
85,0.9789130582440413,2.896378191886897,3.0012432332659973,2.7915131505077966,1.0102189501624272,-0.021312447091761864,2.835302433651349,1.6933063784076974,1.5749763200698499,1.6341413492387737,0.7016896666818243,1.0467945093582103,0.9736433909666442,0.42024682892931275,0.42024682892931275
86,0.9841516384155604,2.928862352013608,3.0348481729049452,2.822876531122271,1.020569861591409,-0.015975289721843665,2.8824446824278445,1.6251454106213552,1.5116356990316493,1.5683905548265022,0.6986950472799369,1.057500902233643,0.9836388209491749,0.4354893331155726,0.4354893331155726
87,0.9893902185870797,2.9565181792454793,3.063586869288459,2.8494494892024997,1.0313413242197003,-0.010666466444109188,2.9251501676203597,1.5640811755387989,1.454755649786877,1.509418412662838,0.6957930434813128,1.068690786619954,0.9939918618194468,0.450889787017114,0.450889787017114
88,0.9946287987585989,2.9791306221696456,3.0872408096712105,2.8710204346680808,1.0429820469949458,-0.005385678004463658,2.963129112073552,1.5096253380502307,1.4038960552275508,1.4567606966388909,0.6929839575287975,1.0808310032717507,1.0051330907181408,0.4664224486141971,0.4664224486141971
89,0.999867378930118,2.9965123725869987,3.105619187393082,2.8874055577809155,1.0559527057559592,-0.00013262986483368272,2.9961149719102314,1.4612571704451398,1.3585832069875339,1.4099201887163368,0.690268104432405,1.094401282629824,1.0175041288820945,0.4820605123808256,0.4820605123808256
90,1.0051059591016371,3.008506533528056,3.1185615974505336,2.8984514696055785,1.0706906357336123,0.0050929678954100095,3.0238678448452583,1.4184717261324353,1.3183550591284203,1.3684133926304278,0.6876458108636515,1.109857885345225,1.0315233861219997,0.4977762601949204,0.4977762601949204
91,1.0103445392731565,3.014988992365227,3.1259404382364564,2.904037546493998,1.087571312299614,0.010291400675467221,3.0461776644048837,1.3807458937239558,1.2827301085122174,1.3317380011180866,0.6851174140428717,1.1275938828274918,1.0475487417717364,0.513541225619591,0.513541225619591
92,1.0155831194446756,3.0158704476386906,3.127662967688731,2.9040779275886504,1.1068685000660219,0.015462949446639541,3.0628671170539117,1.3475211368887752,1.2511918422878205,1.2993564895882979,0.682683260620295,1.1478979876168787,1.0658390125151649,0.5293263699030692,0.5293263699030692
93,1.020821699616195,3.011098042998311,3.123672966861683,2.898523119134939,1.1287144411475891,0.02060789084345779,3.0737942219645347,1.3181909023089502,1.2231776009556328,1.2706842516322916,0.6803437055514019,1.170913313605808,1.0865155686893702,0.5451022677844191,0.5451022677844191
94,1.026060279787714,3.0006565678466863,3.113951970112751,2.8873611655806215,1.1530615886450661,0.02572649725247396,3.078854517551613,1.2920965625747338,1.1980754593409524,1.2450860109578432,0.6780991109673045,1.1965975860407418,1.1095255912493904,0.56083930095961,0.56083930095961
95,1.0312988599592332,2.9845691917447996,3.0985200285752614,2.870618354914338,1.1796485442873759,0.030819036898795484,3.077982804915862,1.2685345733198536,1.175231593287392,1.221883083303623,0.6759498450408183,1.2246875198149623,1.1346095687597892,0.5765078568651085,0.5765078568651085
96,1.0365374401307523,2.962897708250735,3.0774359822062447,2.848359434295225,1.2079750478710642,0.0358857739304249,3.0711544058794895,1.2467758921495202,1.1539690493610182,1.2003724707552692,0.6738962808490058,1.2546723660333448,1.1612777297087837,0.5920785302804874,0.5920785302804874
97,1.0417760203022717,2.93574227339822,3.050797225249539,2.820687321546901,1.2372936015409814,0.04092696850047488,3.0583859022139412,1.226096545899956,1.1336167980582759,1.179856671979116,0.6719387952328127,1.28578449157625,1.188802711505713,0.6075223251430333,0.6075223251430333
98,1.0470146004737908,2.9032406342341144,3.018738960187887,2.787742308280342,1.266627465441871,0.04594287684732008,3.0397353327319063,1.2058157031015029,1.1135455883590697,1.1596806457302862,0.670077767654624,1.3170171403935647,1.2162377904901773,0.6228108539104551,0.6228108539104551
99,1.0522531806453101,2.865566853440675,2.9814329458900968,2.749700760991253,1.2948246042483185,0.050933751372751156,3.0153018358847232,1.1853352612795114,1.0932049551753311,1.1392701082274213,0.6683135790545098,1.3471794348890642,1.2424697736075725,0.6379165318055193,0.6379165318055193
100,1.0574917608168293,2.822929546763133,2.9390857563855044,2.706773337140761,1.3206528492883807,0.055899840718184955,2.9852247370683993,1.164173666589145,1.072154575169727,1.118164120879436,0.6666466107058691,1.374994279585931,1.2663114189908307,0.6528127633302674,0.6528127633302674
101,1.0627303409883484,2.7755696604203726,2.8919365771887326,2.6592027436520125,1.3429322030304358,0.060841389838994904,2.9496820916554567,1.1419872759754404,1.0500837817272068,1.0960355288513235,0.6650772430714127,1.3992351962948617,1.28662920976601,0.6674741185470523,0.6674741185470523
102,1.0679689211598675,2.7237578255846993,2.840254576045638,2.6072610751237604,1.3606873733096776,0.06575864007701156,2.908888706490438,1.1185753071477829,1.026815653257892,1.0726954802028374,0.663605854660115,1.4188847856841718,1.3024899609351837,0.681876496787446,0.681876496787446
103,1.0732075013313869,2.667791336056492,2.7843358940498653,2.551246778063119,1.3732918424598857,0.0706518292312506,2.86309367384271,1.0938686302437928,1.0022960320619325,1.0480823311528626,0.6622328208860996,1.4332851742517103,1.313298510668061,0.6959972756639141,0.6959972756639141
104,1.0784460815029062,2.607990803159602,2.724500311023132,2.491481295296072,1.3805702493568763,0.07552119162691771,2.81257746226309,1.0679068851470253,0.9765717473757756,1.0222393162614005,0.6609585129302625,1.442245911759033,1.3188945869547197,0.709815443518688,0.709815443518688
105,1.0836846616744253,2.544696548392736,2.6610876456046544,2.428305451180818,1.3828328800156682,0.08036695818274267,2.75764861810906,1.0408110717347892,0.9497647337236269,0.9952879027292081,0.6597832966054445,1.4460818502189714,1.3195839098123652,0.7233117137422254,0.7233117137422254
106,1.0889232418459445,2.47826479929489,2.5944539554614323,2.362075643128348,1.3808334572547254,0.08518935647668979,2.6986401394008808,1.0127589040748148,0.9220487935971158,0.9674038488359653,0.658707531226001,1.445571444192442,1.3160954703170087,0.7364686197227946,0.7364686197227946
107,1.0941618220174636,2.4090637571807068,2.5249676062727513,2.293159908088662,1.3756622030978476,0.08998861081009055,2.6359055899130786,0.9839679460249376,0.8936335813034567,0.9388007636641972,0.6577315684827669,1.44184747690566,1.309476929290035,0.7492705895400559,0.7492705895400559
108,1.0994004021889827,2.3374696067960192,2.4530052795784854,2.221933934013553,1.368601378104482,0.09476494227024533,2.569815025816067,0.9546878771916332,0.8647569609340429,0.909722419062838,0.6568557513240678,1.43624815328846,1.300954602920504,0.7617039998799191,0.7617039998799191
109,1.104638982360502,2.2638625375155716,2.378947989192515,2.148777085838628,1.3609746373690936,0.09951856879153746,2.500750809645265,0.925199598209842,0.8356835481448317,0.8804415731773368,0.6560804128438376,1.4301609851560821,1.2917882895821051,0.7737572090159321,0.7737572090159321
110,1.1098775625320214,2.188622843512737,2.3031771737285527,2.0740685132969214,1.354015121756713,0.10424970521510045,2.4291033868598184,0.8958165194528012,0.8067051279778236,0.8512608237153123,0.6554058751776696,1.4248853933682337,1.2831448501451923,0.7854205690643559,0.7854205690643559
111,1.1151161427035405,2.1121271664840524,2.226070928974366,1.998183403993739,1.348765299559876,0.10895856334708157,2.355267098789055,0.866882949916499,0.7781383338608933,0.822510641888696,0.6548324484075843,1.4215276764597744,1.2760029226599776,0.7966864180667119,0.7966864180667119
112,1.1203547228750597,2.034744939169184,2.148000438537859,1.9214894398005093,1.3460100609669843,0.11364535201554,2.2796361024443215,0.8387659306397626,0.7503163636622993,0.7945411471510309,0.6543604294765276,1.4209300367710875,1.2710900851628815,0.8075490527771306,0.8075490527771306
113,1.1255933030465788,1.9568350812992366,2.0693266546093994,1.8443435079890735,1.3462372228516037,0.11831027712601698,2.202600462677028,0.8118533534539119,0.7235863214474053,0.7677198374506585,0.6539901011134114,1.4236276706693793,1.268846775033828,0.8180046833239386,0.8180046833239386
114,1.1308318832180981,1.8787429919703225,1.9903972730723234,1.7670887108683215,1.3496174076573333,0.12295354171581654,2.124542475692604,0.7865001533500611,0.6982603728831556,0.7423802631166083,0.6537217307695716,1.4298255905002082,1.2694092248144582,0.8280513711704691,0.8280513711704691
115,1.1360704633896175,1.8007978740583686,1.9115440388306828,1.6900517092860543,1.3559972690665616,0.12757534600703113,2.045833275252529,0.7630194877136703,0.6746077324056258,0.7188136100596481,0.6535555695674267,1.4393889140446954,1.2726056240884278,0.8376889520132578,0.8376889520132578
116,1.1413090435611364,1.7233104174485498,1.8330804083942207,1.613540426502879,1.3649045118318157,0.13217588745834813,1.966829764297147,0.7416630051747091,0.6528372875575705,0.6972501463661398,0.6534918512624119,1.4518450620591556,1.2779639616044758,0.8469189454241786,0.8469189454241786
117,1.1465476237326557,1.64657085884947,1.7552995877697706,1.5378421299291696,1.375568209667415,0.13675536081567136,1.887871905521298,0.7225960536435095,0.6330763488786849,0.6778362012610972,0.653530791218753,1.4664017029097394,1.2847347164250909,0.8557444531641332,0.8557444531641332
118,1.1517862039041749,1.5708474270569561,1.6784729548033879,1.4632218993105244,1.3869616336032402,0.14131395816158476,1.8092803949225718,0.7058819613362082,0.6153581094051,0.6606200353706541,0.6536725854000885,1.481988353072915,1.2919349141335654,0.8641700481697934,0.8641700481697934
119,1.157024784075694,1.4963851740020557,1.6028488665921268,1.3899214814119847,1.3978751802786546,0.1458518689636987,1.7313547328437984,0.6914715506395966,0.5996143379772542,0.6455429443084254,0.653917409375758,1.4973301575519542,1.298420203005355,0.8722016562428476,0.8722016562428476
120,1.162263364247213,1.4234051839762178,1.5286518446358872,1.3181585233165485,1.4070224130375142,0.1503692801219007,1.6543716978151222,0.6791976751531251,0.5856730606524255,0.6324353679027753,0.6542654173434136,1.5110577306775985,1.30298709539743,0.8798464324549644,0.8798464324549644
121,1.1675019444187325,1.3521041462647303,1.456082123230764,1.2481261692986967,1.4131725136976723,0.15486637601454553,1.5785842198207027,0.6687750086231466,0.5732613403586322,0.6210181744908895,0.6547167411689407,1.5218467008778653,1.3044983265174792,0.8871126342257876,0.8871126342257876
122,1.1727405245902518,1.2826542701910544,1.3853155403667066,1.1799930000154022,1.4152605769879163,0.15934333854361013,1.5042206416917836,0.6598064425599305,0.5620141844216142,0.6109103134907724,0.6552714894442013,1.5285354101520114,1.3019857438238212,0.8940094929394046,0.8940094929394046
123,1.177979104761771,1.215203516373948,1.3165037451740311,1.113903287573865,1.4125841707840094,0.16380034717884318,1.4314843503215393,0.6517987556621138,0.551491615143568,0.601645185402841,0.6559297465635742,1.530338191219021,1.2948301503489978,0.9005470858422103,0.9005470858422103
124,1.18321768493329,1.149876113894478,1.249774691844926,1.04997753594403,1.4048190794145547,0.16823757900093514,1.3605537534423124,0.6441909180508653,0.5412063448125074,0.5926986314316863,0.6566915718198244,1.5268665127122691,1.2827716461168401,0.9067362098180208,0.9067362098180208
125,1.1884562651048092,1.086773330072652,1.185233386933074,0.9883132732122302,1.392011625173909,0.1726552087437341,1.29158257287366,0.636397558732386,0.5306635480144402,0.5835305533734131,0.6575569985201443,1.5181258202617007,1.2658974300861174,0.9125882584692542,0.9125882584692542
126,1.1936948452763283,1.0259744576452763,1.1229628550122293,0.9289860602783233,1.3745192221047797,0.17705340883553358,1.2247004214763428,0.627867039948551,0.5194114170535631,0.5736392285010571,0.6585260331227546,1.5044565860504477,1.244581858159112,0.9181151037537147,0.9181151037537147
127,1.1989334254478476,0.967537983256634,1.0630252867638286,0.8720506797494393,1.3528973140355858,0.1814323494394565,1.1600136285167784,0.6181483659222426,0.5070967825511931,0.5626225742367179,0.6595986543950709,1.486416120196107,1.219378507875064,0.923328983238381,0.923328983238381
128,1.204172005619367,0.9115029012488645,1.0054633336206182,0.8175424688771106,1.327774448014193,0.1857921984929582,1.097606276724717,0.6069553546854466,0.4935155391304931,0.5502354469079699,0.6607748125936778,1.4646453905604504,1.1909035054679353,0.9282423938417617,0.9282423938417617
129,1.2094105857908861,0.857890137648852,0.9503015139772026,0.7654787613205014,1.2997474463131224,0.1901331217464728,1.037541413918122,0.594212997978213,0.4786453804006209,0.536429189189417,0.6620544286668981,1.4397554090136078,1.1597394836126371,0.9328679927486172,0.9328679927486172
130,1.2146491659624052,0.8067040508861963,0.8975476975888041,0.7158604041835885,1.2693181504697928,0.19445528280122445,0.9798624025874121,0.5800725870606912,0.46265061761578524,0.5213616023382383,0.6634373934802518,1.4122571743755403,1.1263791265640453,0.9372185059992602,0.9372185059992602
131,1.2198877461339244,0.7579339780023371,0.8471946369888247,0.6686733190158495,1.2368786406824297,0.19875884314622405,0.9245943721435904,0.5648897035860602,0.4458558358175169,0.5053727697017886,0.6649235670656856,1.3825438381243158,1.0912134432405434,0.9413066450848226,0.9413066450848226
132,1.2251263263054437,0.7115557977988052,0.7992215174112404,0.62389007818637,1.2027383554537923,0.20304396219447413,0.8717457405185893,0.5491698866267308,0.4286942181123168,0.4889320523695238,0.6665127778944596,1.3509191780435432,1.054557532864041,0.9451450317208138,0.9451450317208138
133,1.2303649064769628,0.6675334853850796,0.753595499703068,0.5814714710670912,1.1671771978577412,0.20731079731840032,0.8213097743160546,0.5334958021295217,0.41164336702461857,0.47256958457707016,0.6682048221746936,1.3176559722007486,1.016698423514734,0.9487461308282347,0.9487461308282347
134,1.2356034866484822,0.6258206358084781,0.7102732339075198,0.5413680377094364,1.1305046792173248,0.2115595038845321,0.7732661596215256,0.5184530365036679,0.39516328311061527,0.4568081598071416,0.6699994631733771,1.283062859405306,0.9779464990293434,0.952122191624026,0.952122191624026
135,1.2408420668200013,0.5863619377575189,0.669202324494694,0.5035215510203438,1.093106514519702,0.2157902352874471,0.7275825587516207,0.5045685345339983,0.37964771161914157,0.4421081230765699,0.6718964305637545,1.2475390596368863,0.9386739694025178,0.9552851966129824,0.9552851966129824
136,1.2460806469915204,0.5490945816347855,0.6303227314941169,0.4678664317754542,1.0554661227369184,0.22000314298300327,0.6842161315430118,0.49226878852082806,0.3653938372390987,0.4288313128799634,0.6738954197977489,1.2116023572884826,0.8993298881853544,0.9582468181802367,0.9582468181802367
137,1.2513192271630396,0.5139495895009569,0.5935680949919786,0.43433108400993525,1.0181573879353194,0.22419837652087188,0.6431150031350988,0.48185783808604893,0.3525894314744557,0.4172236347802523,0.6759960915041143,1.175885249262664,0.8604295266079751,0.9610183824092038,0.9610183824092038
138,1.256557807334559,0.4808530574364886,0.5588669734659018,0.40283914140707544,0.9818139713635622,0.22837608357639186,0.6042196635025128,0.4735131749399017,0.34131492804945035,0.407414051494676,0.6781980709125841,1.141104115273229,0.8225238274538953,0.9636108396898356,0.9636108396898356
139,1.2617963875060783,0.44972730369026526,0.5261439892599888,0.37331061812054167,0.9470865141945757,0.232536409981761,0.5674642871592257,0.46728734217647494,0.3315505453044443,0.3994189437404596,0.6805009473035093,1.1080133953705007,0.7861596330186508,0.9660347416400387,0.9660347416400387
140,1.2670349676775974,0.42049191854807,0.4953208770474171,0.3456629600487229,0.9146005853188267,0.23667949975658156,0.5327779644262448,0.4630950415795211,0.323173946978495,0.39313449427900804,0.6829042734839437,1.0773590266192326,0.751842144018421,0.9683002238335351,0.9683002238335351
141,1.2722735478491165,0.393064714133535,0.46631743340480547,0.3198119948622645,0.8849255596626314,0.24080549513777588,0.5000858383849713,0.4607503752623041,0.3159939691087173,0.38837217218551073,0.6854075652896187,1.0498429416281783,0.7200081776970847,0.9704169938118229,0.9704169938118229
142,1.2775121280206356,0.36736257433362424,0.43905236759754207,0.2956727810697064,0.858559668959256,0.2449145366088864,0.4693101440920872,0.4599679348053541,0.30975803463028595,0.38486298471782004,0.6880103011132364,1.026105220609625,0.6910141173088868,0.9723943238531694,0.9723943238531694
143,1.2827507081921548,0.34330220672085215,0.41344405534540646,0.27316035809629785,0.8359315096043983,0.24900676292877694,0.4403711487951026,0.460378018105156,0.30416938557795015,0.38227370184155307,0.6907119214585116,1.0067249978467956,0.6651380213620012,0.9742410479763396,0.9742410479763396
144,1.2879892883636739,0.32080079972850944,0.38941119873386876,0.25219040072315013,0.8174148622834178,0.25308231115974883,0.41318799374882037,0.4615495447750083,0.29890862160321646,0.38022908318911236,0.6935118285209484,0.9922372439658785,0.6425924806009571,0.9759655626706784,0.9759655626706784
145,1.2932278685351932,0.29977658944078095,0.36687339652271733,0.23267978235884457,0.803352224095474,0.2571413166950869,0.38767943979925085,0.4630231007694709,0.29366019813727934,0.3783416494533751,0.6964093857934615,0.983160691793138,0.62354375639781,0.977575830863117,0.977575830863117
146,1.2984664487067126,0.2801493412018259,0.34575162996830255,0.2145470524353492,0.7940825919870454,0.26118391328604734,0.36376452017786,0.46435343977565663,0.2881422765851196,0.37624785818038814,0.6994039176990088,0.9800321119126947,0.6081330720613961,0.9790793886587885,0.9790793886587885
147,1.3037050288782317,0.26184075185519995,0.3259686698672081,0.19771283384319177,0.7899700393920192,0.2652102330683039,0.34136310495888134,0.46515616734842424,0.28213553180911594,0.37364584957877006,0.7024947092477511,0.9834431086493561,0.5964969701346823,0.9804833544200346,0.9804833544200346
148,1.3089436090497508,0.24477477881833148,0.3074494109346433,0.18210014670201968,0.791430807444088,0.2692204065878633,0.3203963823908213,0.465149121487615,0.2755045879050857,0.37032685469635035,0.7056810057198435,0.9940768273548576,0.5887847875333184,0.9817944397806365,0.9817944397806365
149,1.31418218922127,0.2288779024062328,0.29012113984883625,0.16763466496362936,0.7989575018245012,0.2732145628264623,0.3007872628485952,0.46417766431969565,0.2682061268695389,0.3661918955946173,0.7089620123738823,1.0127428584551321,0.5851721451938704,0.9830189622256819,0.9830189622256819
150,1.3194207693927893,0.214079327870948,0.273913743334966,0.15424491240692997,0.813139262545081,0.27719282922646055,0.2824607114905774,0.4622163250444808,0.2602809034023304,0.36124861422340554,0.7123368941791769,1.0404088123381239,0.5858697127520379,0.9841628589006712,0.9841628589006712
151,1.3246593495643084,0.20031113354330413,0.2587598626023965,0.14186240448421178,0.8346763102372314,0.28115533171523927,0.2653440158699626,0.45934621101345346,0.25183178461185785,0.3555889978126556,0.7158047755725948,1.0782262749652385,0.5911263455092243,0.9852317013481843,0.9852317013481843
152,1.3298979297358278,0.1875083712777378,0.24459500026163666,0.13042174229383896,0.8643860071128975,0.28510219472912,0.24936699477040047,0.4557152491926006,0.24299424242520803,0.3493547458089043,0.7193647402392882,1.1275469686778508,0.6012250455479443,0.9862307109033546,0.9862307109033546
153,1.335136509907347,0.1756091251322992,0.23135758559084335,0.11986066467375506,0.9031955407233515,0.28903354123681124,0.2344621544370205,0.4514931378932189,0.23390747040049661,0.34270030414685776,0.7230158309180414,1.1899218759887626,0.6164692054579404,0.9871647745118368,0.9871647745118368
154,1.340375090078866,0.16455453388438077,0.218989003679881,0.11012006408888053,0.9521138095792229,0.2929494927623976,0.22056479817816269,0.44683315168796606,0.22469299587683314,0.3357630737823996,0.7267570492273181,1.2670720740888723,0.6371555450695734,0.9880384607634705,0.9880384607634705
155,1.3456136702503851,0.15428878260755163,0.20743359363813726,0.101143971576966,1.0121728537588242,0.29685016940787984,0.20761309504301134,0.4418493607876075,0.21544436658010013,0.3286468636838538,0.7305873555165447,1.3608160547368613,0.6635296527807871,0.9888560359651097,0.9888560359651097
156,1.3508522504219045,0.14475906813169026,0.1966386206271954,0.09287951563618511,1.084329022015705,0.30073568987527705,0.1955481129546716,0.4366124822071159,0.20622782919634133,0.3214201557017286,0.734505668737025,1.4729368318482996,0.6957212121831102,0.9896214801010271,0.9896214801010271
157,1.3560908305934238,0.13591554279110002,0.1865542260845526,0.08527685949764743,1.1693192392714626,0.304606171488301,0.18431382131413887,0.43116243714012853,0.1970911050602382,0.3141267711001834,0.7385108663351686,1.604977924146213,0.7336605543967122,0.9903385025547725,0.9903385025547725
158,1.361329410764943,0.1277112404463779,0.17713336009249275,0.07828912080026307,1.2674826600964137,0.30846173021361284,0.1738570677049276,0.42553188717779167,0.1880759067757219,0.3068038969767568,0.7426017841671343,1.7579773061253374,0.7769880140674903,0.9910105574884561,0.9910105574884561
159,1.366567990936462,0.12010198834967846,0.16833169942300813,0.0718722772763488,1.3785859339933806,0.3123024806816721,0.16412753292649446,0.4197730550075055,0.17922973216603622,0.29950139358677086,0.7467772164335925,1.9321887693825341,0.8249830986042272,0.9916408587949871,0.9916408587949871
160,1.3718065711079812,0.11304630802391535,0.16010755440205665,0.06598506164577404,1.5017276801432622,0.3161285362071859,0.155077668186704,0.41398022253936073,0.17061350169520847,0.2922968621172846,0.7510359156314875,2.126897821331292,0.8765575389552326,0.9922323945567044,0.9922323945567044
161,1.3770451512795006,0.10650530794525621,0.15242176737100716,0.06058884851950526,1.6354268362909363,0.3199400088091689,0.14666261789154514,0.40830240165929355,0.16230340843686322,0.28530290504807837,0.7553765925282429,2.3404903812077293,0.9303632913741433,0.9927879409605385,0.9927879409605385
162,1.3822837314510197,0.10044257045828028,0.1452376051481056,0.05564753576845497,1.7779883937561691,0.323737009230622,0.13884013108960364,0.40294421986815293,0.15438737691205795,0.27866579839010547,0.7597979161524719,2.5709295880428655,0.9850471994694732,0.9933100756322514,0.9933100756322514
163,1.387522311622539,0.09482403501984243,0.13852064757418442,0.051127422465500456,1.9281627788467859,0.32751964695784025,0.13157046426810837,0.39815688062645455,0.14695812790243112,0.2725575042644428,0.764298513801301,2.8166946987481145,1.0396308589454577,0.9938011903651741,0.9938011903651741
164,1.3927608917940582,0.08961787956253355,0.13223867392820712,0.04699708519685996,2.085989587959708,0.3312880302393547,0.12481627786020671,0.39422585492026496,0.1401062604465565,0.26716605768341073,0.7688769710653567,3.078052039240199,1.0939271366792165,0.9942635032290351,0.9942635032290351
165,1.3979994719655773,0.08479440148898369,0.12636154871825747,0.043227254259709906,2.253559691320032,0.3350422661045209,0.11854252850723636,0.39145557022566785,0.1339137549133231,0.26268466256949546,0.7735318318703222,3.358279411421205,1.148839971218859,0.9946990700532816,0.9946990700532816
166,1.4032380521370964,0.08032589955474809,0.12086110809218223,0.039790691017313945,2.435658552935401,0.33878246038175835,0.11271635882736476,0.39015480561392535,0.12844933795628566,0.2593020717851055,0.7782615985310171,3.6647755365793846,1.2065415692914179,0.9951097952856949,0.9951097952856949
167,1.4084766323086155,0.07618655767839151,0.11571104792597865,0.03666206743080437,2.6404338041032336,0.34250871771645053,0.10730698618604698,0.3906379009249453,0.12377031684908661,0.25720410888701595,0.7830647318234873,4.010252881376985,1.2706147268294825,0.9954974422352125,0.9954974422352125
168,1.4137152124801349,0.07235233151007416,0.1108868144018545,0.03381784861829381,2.8791909589654683,0.3462211415885131,0.10228559171419764,0.3932300142854741,0.11992582857582093,0.2565779214306475,0.7879396510676742,4.412633384866772,1.345748533064164,0.9958636427102104,0.9958636427102104
169,1.418953792651654,0.0688008384237191,0.10636549776355633,0.03123617908388187,3.1669928396294114,0.34991983432963597,0.09762521061894987,0.39827924623229705,0.1169620048068636,0.2576206255195803,0.7928847342259349,4.896143383111287,1.4378422961475354,0.9962099060699051,0.9962099060699051
170,1.4241923728231733,0.06551125143532466,0.10212572973847134,0.02889677313217797,3.5235342682434188,0.3536048971402097,0.09330062462829054,0.40617414689426895,0.11492815968137143,0.2605511532878202,0.7978983180085368,5.492850472534809,1.5542180639520278,0.9965376277072948,0.9965376277072948
171,1.4294309529946925,0.06246419742952852,0.09814758503579857,0.02678080982325847,3.9747481571609042,0.3572764301059388,0.08928825725973957,0.41736527962940534,0.11388339485387576,0.2656243372416406,0.8029786979952965,6.245368527962819,1.7041277863589883,0.9968480969869281,0.9968480969869281
172,1.4346695331662116,0.059641659954694067,0.09441248717700489,0.024870832732383247,4.5554564596278055,0.3609345322141533,0.08556607244445888,0.4323898620257603,0.1139033220622555,0.2731465920440079,0.8081241287663322,7.21126767609633,1.8996452431592805,0.997142504660251,0.997142504660251
173,1.4399081133377307,0.05702688675410873,0.09090311883827751,0.02315065466993995,5.313511264711494,0.36457930136982153,0.08211347691563313,0.4518988080127062,0.11508684612539846,0.2834928270690524,0.8133328240426986,8.469947658676885,2.1570748707461016,0.9974219497835451,0.9974219497835451
174,1.44514669350925,0.05460430211836147,0.0876033367943853,0.021605267442337636,6.316142953067714,0.3682108344112731,0.07891122665773022,0.47668546983524085,0.11756306824064755,0.2971242690379442,0.8186029568300448,10.133179564491023,2.499106341644405,0.99768744616336,0.99768744616336
175,1.4503852736807694,0.052359424088557774,0.08449809152754137,0.02022075664957418,7.6597025331135224,0.37182922712563654,0.07594133763645033,0.5077147603844413,0.12149832536495127,0.3146065428746963,0.8239326595848071,12.361294207936249,2.9581108582907967,0.9979399283569207,0.9979399283569207
176,1.4556238538522885,0.05027878645754277,0.08157335141618535,0.018984221498900195,9.48476736350651,0.3754345742639994,0.07318700091034466,0.5461498448881287,0.12710314639455905,0.33662649564134384,0.8293200243651819,15.388284319420203,3.5812504075928153,0.9981802572498604,0.9981802572498604
177,1.4608624340238077,0.04834986551521534,0.07881603151936839,0.0178836995110623,11.999887243113106,0.3790269695562961,0.07063250222128124,0.5933709550604412,0.134638444163295,0.3640046996118681,0.8347631030146316,19.561243472010037,4.438531014216179,0.9984092252410207,0.9984092252410207
178,1.4661010141953268,0.04656101139742258,0.07621392676753237,0.016908096027312792,15.519470255561249,0.3826065057259287,0.06826314603172141,0.650976979181074,0.14441955351725247,0.3976982663491632,0.8402599073274397,25.40322329840362,5.635717212718875,0.998627561054431,0.998627561054431
179,1.4713395943668461,0.04490138391965818,0.0737556495039503,0.016047118335366053,20.525147549249485,0.38617327450412736,0.06606518400285989,0.7207557724967295,0.15681582699009006,0.4387857997434098,0.8458084092365109,33.71489821712457,7.335396881374395,0.9988359342066464,0.9988359342066464
180,1.4765781745383653,0.043360892717287006,0.07143057117534114,0.015291214259232869,27.766693547765737,0.3897273666440549,0.06402574781484555,0.8046054307077691,0.17224269430652617,0.48842406250714765,0.8514065409923117,45.74146553437617,9.791921561155306,0.9990349591498108,0.9990349591498108
181,1.4818167547098846,0.0419301415290873,0.06922876804649097,0.014631515011683617,38.43057570057608,0.39326887193466337,0.0621327862451583,0.9043903808789521,0.19114310145409813,0.547766741166525,0.8570521953593961,63.450809228074775,13.410342173077376,0.9992251991150891,0.9992251991150891
182,1.4870553348814037,0.04060037642193482,0.06714097072314795,0.014059782120721682,54.42588886506421,0.3967978792143036,0.06037500635643133,1.0217304212522056,0.21395739373733116,0.6178439074947684,0.8627432257979291,90.00426431751882,18.8475134126096,0.9994071696754906,0.9994071696754906
183,1.4922939150529229,0.03936343777957187,0.0651585173451438,0.013568358213999938,78.8771940892681,0.4003144763840978,0.058741818674019446,1.1577559055932454,0.24108662215644802,0.6994212638748466,0.8684774466608038,130.56585778869814,27.188530389838025,0.9995813420509496,0.9995813420509496
184,1.497532495224442,0.03821171585445467,0.06327331025249815,0.013150121456411184,116.98781768390106,0.40381875042107646,0.05722328619032887,1.3129186293527797,0.2728644885098658,0.7928915589313228,0.8742526333943199,193.71562670126005,40.26000866654204,0.9997481461741261,0.9997481461741261
185,1.5027710753959613,0.03713810967501631,0.061477775910058326,0.012798443439974293,177.57713239251765,0.4073107873910863,0.05581007701449742,1.4870047695070645,0.30956465414999623,0.8982847118285303,0.8800665227200734,293.9580729204997,61.196191864535606,0.9999079735334102,0.9999079735334102
186,1.5080096555674807,0.03613598913851007,0.059764827973293744,0.012507150303726403,275.8640859691488,0.4107906724614732,0.0544934205343548,1.6795054971947563,0.3514747452922669,1.0154901212435117,0.8859168128419351,456.2479133686133,95.48025856968434,1.0000611798139605,1.0000611798139605
187,1.5132482357389998,0.03519916007479063,0.05812783325695957,0.012270486892621692,438.59343552613575,0.41425848991354614,0.05326506688267157,1.8904147644569034,0.3990568422935272,1.1447358033752153,0.8918011636271709,724.2924556634299,152.89441538884154,1.0002080873494215,1.0002080873494215
188,1.518486815910519,0.03432183212433359,0.056560580503935864,0.01208308374473131,713.6400632285984,0.41771432315482504,0.05211724957869467,2.1213563908262607,0.45318712598770056,1.2872717584069806,0.8977171968184742,1176.0414217065559,251.23870475064064,1.0003489874034353,1.0003489874034353
189,1.523725396082038,0.03349858921644821,0.05505725170997419,0.011939926722922222,1188.3194173452464,0.421158254731078,0.05104265112202203,2.376729322638145,0.5154266344787249,1.4460779785584352,0.9036624962027813,1953.0852732300243,423.55356146046813,1.0004841422901751,1.0004841422901751
190,1.5289639762535572,0.03272436251430461,0.05361239593962349,0.011836329088985735,2024.917025966867,0.4245903663381514,0.05003437143023404,2.664695282651886,0.5883007042411447,1.6264979934465154,0.9096346078150599,3317.4260703647333,732.4079815690008,1.0006137873526875,1.0006137873526875
191,1.5342025564250767,0.03199440563398674,0.05222090542397702,0.011767905843996465,3530.870529605955,0.42801073883359914,0.04908589891496334,2.998867100743579,0.6757903830599931,1.837328741901786,0.9156310401142858,5763.046768244791,1298.694290967119,1.000738132807406,1.000738132807406
192,1.5394411365965954,0.03130427200424568,0.05087799385903558,0.01173055014945578,6299.923183897229,0.4314194522481106,0.048191084074544956,3.398335872430945,0.7835283263466594,2.0909320993888025,0.9216492641837635,10239.09621725901,2360.750150535447,1.0008573654695971,1.0008573654695971
193,1.544679716768115,0.030649794179577052,0.04957917670100792,0.01172041165814618,11501.2344820504,0.4348165857967501,0.0473441153923101,3.8894859584732524,0.9194661873229335,2.4044760728980927,0.9276867138692882,18604.42302889131,4398.04593520949,1.0009716503651025,1.0009716503651025
194,1.5499182969396341,0.030027065037137483,0.04832025350145129,0.011733876572823671,21482.516998545987,0.43820221788999836,0.04653949750445576,4.508440859205522,1.0948098311653893,2.8016253451854554,0.9337407860062137,34570.167478410876,8394.86651868109,1.0010811322484459,1.0010811322484459
195,1.5551568771111532,0.029432420627520765,0.04709729198244186,0.011767549272599667,41051.821088616605,0.4415764261446152,0.04577203134891708,5.305068518816553,1.3255041332942135,3.315286326055383,0.9398088405336755,65690.47203727745,16413.170139955768,1.001185937022772,1.001185937022772
196,1.5603954572826724,0.02886242465829914,0.04590661399374439,0.01181823532285389,80252.93326801856,0.4449392873943146,0.04503679632297336,6.349343873006376,1.6345801510678866,3.991962012037131,0.9458882007064457,127644.86951519207,32860.99702084506,1.001286173084989,1.001286173084989
197,1.5656340374541915,0.028313854394773,0.04474478308579656,0.011882925703749433,160488.9650025443,0.4482908777002631,0.044329134171978556,7.7413035547577245,2.0558672687041764,4.89858541173095,0.9519761532100536,253622.97292976573,67354.95707532286,1.0013819325900932,1.0013819325900932
198,1.570872617625711,0.027783687946599665,0.04360859382471983,0.011958782068479501,328291.6783171453,0.4516312723614024,0.043644634611970934,9.626616423330997,2.639906444270692,6.133261433800844,0.9580699483345039,515278.55061156815,141304.80602272248,1.001473292653428,1.001473292653428
199,1.5761111977972302,0.027269092793324273,0.042495062741376856,0.012043122845271691,686878.5860614133,0.45496054592459884,0.04297912250533013,12.22114733936559,3.4634795014630533,7.842313420414322,0.9641668001253739,1070404.0956409709,303353.07648185594,1.0015603164912794,1.0015603164912794
