,m,spdy,spdy_up,spdy_dn,epk,ret,spd_ret,cb_ret_up,cb_ret_dn,epk_ret,volatility,epk_up,epk_dn,cdf_m,cdf_ret
0,0.545382406359815,-0.0021910346851606952,-0.002082158418776792,-0.0022999109515445984,-inf,-0.6062680673237859,-0.0011949517690107597,-4884748236849.367,-5395596158369.142,-5140172197609.255,2.943589715122674,-inf,-inf,0.0034815944285087053,0.0034815944285087053
1,0.551133028015051,-0.002732939253361609,-0.0026098818961340824,-0.002855996610589135,-inf,-0.5957790688144347,-0.0015062130860863763,-3699666974545.186,-4048549612632.268,-3874108293588.727,2.9145259274055384,-inf,-inf,0.0034261268167796732,0.0034261268167796732
2,0.5568836496702871,-0.003139496417330483,-0.0030017147792490923,-0.0032772780554118737,-inf,-0.5853989483609021,-0.0017483342230097904,-4070624984247.1206,-4444316303770.096,-4257470644008.608,2.884793828065345,-inf,-inf,0.003363099700077088,0.003363099700077088
3,0.5626342713255231,-0.0034049625412540074,-0.0032521660460754593,-0.0035577590364325555,-inf,-0.575125468810259,-0.00191574861828915,-5316388083946.721,-5815947734178.1875,-5566167909062.455,2.854431597432359,-inf,-inf,0.003293546576020212,0.003293546576020212
4,0.5683848929807592,-0.003524444423347042,-0.003356647810859811,-0.0036922410358342732,-inf,-0.5649564612602517,-0.0020032409663807422,-933538685007822.5,-1026872652583034.0,-980205668795428.2,2.8234769113736777,-inf,-inf,0.0032185458648936738,0.0032185458648936738
5,0.5741355146359953,-0.003493806126087911,-0.003311375020857017,-0.0036762372313188046,-inf,-0.5548898223109883,-0.0020059181782398757,-4750277649666.765,-5273684630950.351,-5011981140308.557,2.7919669410659163,-inf,-inf,0.0031392134617990175,0.0031392134617990175
6,0.5798861362912313,-0.0033095694098284356,-0.0031132490303673066,-0.0035058897892895646,-inf,-0.5449235114535819,-0.0019191734178530622,-27399301006623.355,-30854881410324.863,-29127091208474.11,2.75993835172913,-inf,-inf,0.0030566960029619894,0.0030566960029619894
7,0.5856367579464674,-0.0029688084954702645,-0.002759719367851914,-0.003177897623088615,-inf,-0.5350555485876433,-0.0017386433822511355,-6647943003812.378,-7655300939779.317,-7151621971795.848,2.7274273013890027,-inf,-inf,0.0029721648810813184,0.0029721648810813184
8,0.5913873796017034,-0.002469039615680901,-0.002248613486958564,-0.0026894657444032377,-inf,-0.5252840116600695,-0.001460158868450325,-2672268675638.6025,-3196180715207.221,-2934224695422.912,2.6944694411392445,-inf,-inf,0.002886811031904024,0.002886811031904024
9,0.5971380012569395,-0.0018081053623559338,-0.0015779170821451727,-0.002038293642566695,-inf,-0.5156070344180814,-0.0010796884221391766,-1753668020415.3154,-2265322061363.042,-2009495040889.1787,2.661099913349963,-inf,-inf,0.0028018405551599734,0.0028018405551599734
10,0.6028886229121756,-0.000984053939708245,-0.0007454784964813922,-0.0012226293829350977,-576654571438104.0,-0.5060228042699452,-0.0005932749245820049,-701296311293.6743,-1150167953037.727,-925732132165.7007,2.6273533515465264,-436849613174916.4,-716459529701291.5,0.0027184711641712322,0.0027184711641712322
11,0.6086392445674116,4.987069976346224e-06,0.0002513964437359833,-0.00024142230378329085,inf,-0.49652956024723977,3.035326503008185e-06,2303069563316.429,-2211695406212.486,45687078551.97158,2.5932638797510186,inf,-inf,0.002637929513141346,0.002637929513141346
12,0.6143898662226477,0.0011609429114602175,0.0014164761932033208,0.0009054096297171142,inf,-0.4871255910629412,0.0007132715600641741,2085379573750.9836,1332971748307.0256,1709175661029.0046,2.558865111904023,inf,inf,0.0025614494270900234,0.0025614494270900234
13,0.6201404878778838,0.0024859305730315865,0.0027551856773422234,0.0022166754687209496,inf,-0.4778092332599704,0.0015416261983903553,8311315747655.487,6686841428558.154,7499078588106.82,2.5241901517553638,inf,inf,0.002490271058304905,0.002490271058304905
14,0.6258911095331198,0.003982405417917497,0.004274942745258767,0.0036898680905762264,inf,-0.4685788694451899,0.00249255214563109,8297719949641.675,7162082369565.694,7729901159603.685,2.4892715919641746,inf,inf,0.0024256410265197648,0.0024256410265197648
15,0.6316417311883559,0.005653316739018768,0.005984788132077338,0.005321845345960198,3656601329721.2925,-0.45943292660416285,0.0035708707719899254,9452356669274.285,8405306794256.145,8928831731765.215,2.454141514465563,3870999141232.011,3442203518210.574,0.0023688135503828756,0.0023688135503828756
16,0.6373923528435919,0.007502273767335821,0.00789429938410319,0.007110248150568451,213913393798.01782,-0.4503698744922829,0.004781891928238937,28602592411646.254,25761821271422.99,27182206841534.62,2.418831489730754,225091275696.1146,202735511899.92108,0.002321052660643752,0.002321052660643752
17,0.643142974498828,0.009533723925570602,0.010012716891056487,0.009054730960084717,11297323051.69907,-0.44138822409815603,0.006131547563542119,14082656202059.36,12735271005905.898,13408963603982.629,2.383372576707936,11864922691.968863,10729723411.429277,0.0022836355224538085,0.0022836355224538085
18,0.648893596154064,0.011753145486103414,0.012349108810150871,0.011157182162055957,819986247.7909144,-0.43248652617537997,0.0076265408405995485,389447155664969.8,351858010569715.44,370652583117342.6,2.347795323211906,861565051.5659957,778407444.0158333,0.0022578569378389757,0.0022578569378389757
19,0.6546442178093,0.014167257094544852,0.014913239698090086,0.013421274490999618,75882797.52403459,-0.42366336983909453,0.009274512939161572,23334802031860.45,21000318482297.547,22167560257079.0,2.312129764951052,79878436.6575315,71887158.39053768,0.0022450351529385015,0.0022450351529385015
20,0.6603948394645361,0.016784247183344293,0.017716421557575263,0.015852072809113323,6550144.912609861,-0.41491738122390914,0.011084230224177748,76641985755977.7,68576734556155.23,72609360156066.47,2.276405426672011,6913931.096663048,6186358.728556674,0.002246518988769819,0.002246518988769819
21,0.6661454611197721,0.01961402656373756,0.020772093446416652,0.018455959681058468,754471.3129561888,-0.40624722220001125,0.013065794769716416,76720963832519.3,68166408881103.17,72443686356811.23,2.240651321293642,799017.4054490646,709925.220463313,0.002263696511239255,0.002263696511239255
22,0.6718960827750082,0.022668508287327648,0.024096216079605375,0.021240800495049922,108433.58692489691,-0.39765158914445464,0.015230881920608258,70184526970175.52,61867619807523.03,66026073388849.27,2.204895950667028,115262.95015581773,101604.22369397608,0.00229800528824442,0.00229800528824442
23,0.6776467044302443,0.025961919269509474,0.02770760490634913,0.024216233632669816,15699.472140778027,-0.3891292117648096,0.017593009033667152,89451125004341.19,78179595426305.03,83815360215323.11,2.1691673054004843,16755.108387760254,14643.8358937958,0.002350944464204807,0.002350944464204807
24,0.6833973260854803,0.029511149076186745,0.0316282730289187,0.027394025123454787,2933.213996121464,-0.38067885197251533,0.020167840368376013,50028752888562.35,43331133263941.03,46679943076251.69,2.133492865360596,3143.642183571757,2722.7858086711703,0.002424088799275692,0.002424088799275692
25,0.6891479477407164,0.03333614198049912,0.035883815827358286,0.030788468133639953,665.8784091714989,-0.37229930280343826,0.02297353383145411,inf,inf,inf,2.0978995998704386,716.7673515460182,614.9894667969795,0.0025191049263131315,0.0025191049263131315
26,0.6948985693959524,0.037460339420952546,0.04050385181459994,0.034416827027305155,163.62749465171933,-0.36398938738328324,0.026031136272706725,inf,inf,inf,2.062413968028137,176.92161626438775,150.3333730390509,0.0026377700791103686,0.0026377700791103686
27,0.7006491910511885,0.041911181092382926,0.045522528702304346,0.03829983348246151,49.866691989964835,-0.3557479579356363,0.029365035128377966,inf,inf,inf,2.0270619191384935,54.16353961484307,45.5698443650866,0.002781993597188781,0.002781993597188781
28,0.7063998127064246,0.046720674133108146,0.05097910297536232,0.042462245290853975,18.0439119853812,-0.34757389483055245,0.03300347545714549,inf,inf,inf,1.9918688932410284,19.68855253587343,16.399271434888973,0.0029538415691399145,0.0029538415691399145
29,0.7121504343616606,0.051926041277404696,0.05691860235987225,0.04693348019493714,7.440415764670501,-0.3394661056717123,0.03697915285038527,inf,inf,inf,1.956859821473839,8.155793430100895,6.725038099240108,0.00315556504207537,0.00315556504207537
30,0.7179010560168966,0.05757046054184497,0.06339258243641312,0.05174833864727682,3.662434581555704,-0.3314235244202877,0.04132989441836958,382372666110234.3,312136679952773.9,347254673031504.1,1.9220591267282072,4.032817940729986,3.2920512223814216,0.00338963226635991,0.00338963226635991
31,0.7236516776721327,0.0637039107158753,0.07045999047010067,0.056947830961649945,2.103733507095335,-0.3234451105537602,0.04609944186381892,1684140406207346.2,1361171673860480.2,1522656040033913.2,1.8874907241777399,2.326843692888534,1.880623321302136,0.0036587655566014954,0.0036587655566014954
32,0.7294022993273688,0.07038413901890919,0.07818815175615074,0.06258012628166765,1.3949418095339448,-0.3155298482580307,0.05133835283656954,inf,inf,inf,1.8531780218793483,1.5496093781233542,1.240274240944535,0.0039659834155394424,0.0039659834155394424
33,0.7351529209826049,0.07767776950260848,0.08665389602172455,0.0687016429834924,1.0689929914210239,-0.3076767456512521,0.05710503914525612,4999686163014746.0,3963891637541979.5,4481788900278362.5,1.819143921509486,1.1925214655325425,0.9454645173095054,0.004314648670383003,0.004314648670383003
34,0.7409035426378409,0.08566157310936295,0.09594484365511846,0.07537830256360745,0.9373239191133411,-0.2998848340379018,0.06346696298465741,inf,inf,inf,1.7854108190101476,1.0498452644421814,0.8248025737845007,0.004708523504340145,0.004708523504340145
35,0.746654164293077,0.09442392294022081,0.10616087411124811,0.08268697176919351,0.9387027420673797,-0.2921531671916911,0.07050201527220447,1.0330271075203086e+16,8046079498821032.0,9188175287012060.0,1.7520006053761283,1.0553840650275514,0.8220214191072079,0.005151832369592824,0.005151832369592824
36,0.752404785948313,0.1040664608274044,0.11741580114950595,0.09071712050530284,1.0658679626697167,-0.2844808206659854,0.0783001031832417,inf,inf,inf,1.718934667418672,1.2025943782600526,0.9291415470793811,0.0056493339348455685,0.0056493339348455685
37,0.758155407603549,0.11470600394995295,0.12983928199778874,0.09957272590211716,1.377431199094027,-0.2768668911304748,0.08696497717925089,518761298142577.75,397833966375885.4,458297632259231.56,1.686233888564055,1.5591570775122883,1.1957053206757653,0.006206403368601232,0.006206403368601232
38,0.7639060292587851,0.12647672263209608,0.14357898966939614,0.10937445559479603,2.0375479291624714,-0.26931049573290966,0.09661633097954925,2.836914464805845e+16,2.1610820348548456e+16,2.4989982498303452e+16,1.6539186497402119,2.3130665231032608,1.762029335221682,0.006829126432813748,0.006829126432813748
39,0.7696566509140211,0.13953262237985986,0.15880307920719583,0.12026216555252388,3.463226323223255,-0.2618107714847693,0.10739221083413374,inf,inf,inf,1.6220088302338778,3.9415227402667306,2.9849299061797794,0.007524407062040495,0.007524407062040495
40,0.7754072725692572,0.15405036444125064,0.17570297955662906,0.13239774932587223,6.754857404204652,-0.2543668746697959,0.11945177292969025,6272140816204541.0,4726256376618685.0,5499198596411613.0,1.59052380862418,7.704289286842528,5.805425521566776,0.008300090284813932,0.008300090284813932
41,0.7811578942244932,0.17023245902183395,0.19449654216638865,0.14596837587727926,13.960054577911137,-0.24697798027438256,0.13297842921815314,inf,inf,inf,1.5594824637173696,15.94985092419732,11.970258231624957,0.009165102560182659,0.009165102560182659
42,0.7869085158797293,0.18831086329516245,0.2154315750579348,0.16119015153239008,20.75369303713996,-0.23964328143884842,0.1481834219596269,67337680964686.48,50383380410316.37,58860530687501.42,1.5289031755349782,23.742659881772273,17.764726192507645,0.010129611786697912,0.010129611786697912
43,0.7926591375349654,0.20855101145540755,0.23878978573952378,0.17831223717129133,13.546711521824479,-0.2323619889286943,0.16530986487228805,2855897885485.23,2132593483915.2693,2494245684700.2495,1.498803826309662,15.510911786986346,11.582511256662611,0.011205209428858942,0.011205209428858942
44,0.7984097591902014,0.23125629524515903,0.26489114714572315,0.1976214433445949,6.4834333365783845,-0.2251333306249674,0.18463728299790555,171860547951.5156,128216174478.21843,150038361214.867,1.4692018015254416,7.426410131444941,5.540456541711826,0.012405117337674687,0.012405117337674687
45,0.8041603808454374,0.25677299903863327,0.2940986860202535,0.219447312057013,3.401201878638423,-0.21795655103291445,0.20648667269773247,13415956857.946426,10010570638.681616,11713263748.31402,1.4401139909744145,3.8956159998998863,2.906787757376959,0.013744421920417915,0.013744421920417915
46,0.8099110025006735,0.2854956718347203,0.32682367111515376,0.2441676725542868,2.0560053586955336,-0.2108309108081416,0.2312260857852616,947539428.6454254,707900061.6949037,827719745.1701646,1.4115567898410182,2.3536301438233718,1.7583805735676956,0.015240338285421928,0.015240338285421928
47,0.8156616241559096,0.31787288703656325,0.3635311469078714,0.2722146271652551,1.448662862637012,-0.20375568629953714,0.25927671531537116,93876199.7142888,70295145.05779704,82085672.38604292,1.3835460998143883,1.6567442314660112,1.2405814938080129,0.016912506803838823,0.016912506803838823
48,0.8214122458111457,0.354413296810451,0.40474571436242957,0.3040808792584724,1.1810640942205002,-0.1967301691082502,0.2911194220784047,11636685.674714034,8742510.386293972,10189598.030504003,1.356097330219033,1.3487942885471218,1.0133338998938783,0.01878332413831063,0.01878332413831063
49,0.8271628674663817,0.3956918278672795,0.45105740051662985,0.3403262552179292,1.1010498535421225,-0.189753665662054,0.32730158697171285,1428878.9751422878,1078100.104804463,1253489.5399733754,1.3292253991707497,1.2551097844368535,0.9469899226473913,0.020878310086399288,0.020878310086399288
50,0.8329134891216177,0.44235578597307623,0.5031273795748743,0.3815841923712782,1.1457228090133345,-0.18282549680445348,0.36844410112797044,232245.9453135343,176141.04314667016,204193.49423010222,1.3029447347536014,1.303124165879291,0.9883214521473781,0.02322651049194402,0.02322651049194402
51,0.8386641107768538,0.4951305335634747,0.5616932061175208,0.4285678610094285,1.2781825716917874,-0.17594499739792935,0.41524820864948064,45744.32106376652,34902.58671123251,40323.45388749951,1.2772692762179803,1.4500145275428842,1.1063506158406904,0.025860934848930928,0.025860934848930928
52,0.8444147324320899,0.5548242748770116,0.6275730923766055,0.4820754573774176,1.4460378576863158,-0.1691115159407387,0.46850179161710004,9709.162873449188,7458.173700922584,8583.668287185887,1.2522124751970753,1.6356430155169546,1.2564326998556767,0.02881902492397903,0.02881902492397903
53,0.850165354087326,0.6223313232899129,0.7016686036927947,0.5429940428870311,1.5653302469871646,-0.16232441419671928,0.5290845298244029,2582.117073247761,1998.1999784962413,2290.158525872001,1.2277872969433548,1.7648847930637077,1.3657757009106217,0.032143147579892783,0.032143147579892783
54,0.855915975742562,0.6986330351118686,0.7849649583634614,0.6123011118602758,1.5887724629072322,-0.15558306683757253,0.5979711759337626,816.0641586741531,636.5596150269675,726.3118868505603,1.2040062215828875,1.7851012584815613,1.392443667332903,0.03588110082419704,0.03588110082419704
55,0.861666597397798,0.7847953752915933,0.8785279025492203,0.6910628480339662,1.5427454045114637,-0.14888686109712312,0.6762319606810351,291.88232720552935,229.59889121806714,260.74060921179824,1.1808812453860171,1.7270041683022428,1.3584866407206844,0.04008661675104619,0.04008661675104619
56,0.867417219053034,0.8819618406430563,0.983495895103813,0.7804277861822996,1.4897344935480068,-0.14223519643707863,0.7650288871214951,125.69644791058121,99.74317235302642,112.71981013180381,1.158423882055786,1.6612371325847313,1.3182318545112826,0.044819838347673446,0.044819838347673446
57,0.8731678407082701,0.9913402200861509,1.1010660958771314,0.8816143442951704,1.460156276900525,-0.1356274842238305,0.8656063993798856,63.35849911294604,50.73061631825893,57.04455771560249,1.1366451640305808,1.6217727664046877,1.2985397873963624,0.05014773901109182,0.05014773901109182
58,0.8789184623635061,1.1141814437821453,1.2324724289499631,0.9958904586143276,1.4573396774188037,-0.12906314741586494,0.9792746413629544,36.801494158326854,29.73718197189511,33.269338065110986,1.1155556438028087,1.6120632613808852,1.302616093456722,0.05614444409308483,0.05614444409308483
59,0.8846690840187422,1.2517486015007637,1.3789538267919283,1.124543376209599,1.4720066027557168,-0.122541620261365,1.1073832887114223,24.896186181321774,20.302957734429516,22.599571957875643,1.0951653952511697,1.621594891737327,1.3224183137741066,0.06289140306974594,0.06289140306974594
60,0.8904197056739782,1.4052741476661503,1.5417107048336811,1.2688375904986195,1.491425862699893,-0.11606234800561135,1.2512837929561442,19.34376955730441,15.920043805428774,17.63190668136659,1.075484014986354,1.6362267973184739,1.3466249280813125,0.07047734948361128,0.07047734948361128
61,0.8961703273292143,1.575903424768354,1.7218478365078587,1.4299590130288495,1.4966896420213969,-0.1096247866077993,1.4122778880138858,17.17918695910861,14.26695943034506,15.723073194726835,1.0565206237097986,1.6352980655632965,1.358081218479497,0.07899797445264511,0.07899797445264511
62,0.9019209489844504,1.7646230108072967,1.920302178540882,1.6089438430737113,1.4699936897624908,-0.10322840246691461,1.5915504605071151,17.290971965357645,14.487408906425951,15.889190435891798,1.0382838675843837,1.5996799699448805,1.3403074095801013,0.08855522954467765,0.08855522954467765
63,0.9076715706396865,1.9721731209625397,2.137754925373368,1.8065913165517116,1.4033169814621764,-0.09687267215631945,1.7900854742774408,19.679551402205885,16.63095533303414,18.155253367620013,1.0207819196168586,1.5211381582549401,1.2854958046694127,0.09925616795018766,0.09925616795018766
64,0.9134221922949225,2.1989444558825526,2.3745282364077895,2.0233606753573157,1.3063551683907422,-0.09055708216672032,2.0085646656270066,25.39960475179319,21.643272392559265,23.521438572176226,1.0040224810510472,1.4106664794659776,1.2020438573155068,0.1112112314538638,0.1112112314538638
65,0.9191728139501586,2.444861553324204,2.630468744052826,2.2592543625955823,1.2096759958255434,-0.08428112865720115,2.2472502736875644,37.127635357072165,31.888146302048877,34.50789082956052,0.9880127827713135,1.301511283174125,1.1178407084769622,0.12453189746005011,0.12453189746005011
66,0.9249234356053946,2.709256881485969,2.9048221285764853,2.5136916343954527,1.129639760989625,-0.0780443172140216,2.5058551827615596,61.91503538326653,53.57825698005302,57.74664618165978,0.9727595867160632,1.2111817810508747,1.0480977409283754,0.13932761827750006,0.13932761827750006
67,0.9306740572606307,2.9907425448056877,3.196105670501931,2.7853794191094443,1.0651513864137458,-0.07184616261688859,2.783406498396293,117.31738160142636,102.2411190069019,109.77925030416412,0.9582691873004345,1.1382913557613334,0.9920114170661583,0.15570201689055185,0.15570201689055185
68,0.9364246789158668,3.287089374609027,3.5019885805908353,3.0721901686272184,1.0046869040609456,-0.06568618861242873,3.0781116121860155,242.34583248757588,212.60277320792866,227.47430284775228,0.9445474128476261,1.0703700642484288,0.9390037438734624,0.17374835171125147,0.17374835171125147
69,0.9421753005711029,3.595126024940442,3.8191927384104365,3.371059311470448,0.9379439566558161,-0.05956392769459372,3.3872389431392556,397.850057161766,351.1674407724247,374.50874896709536,0.9315996270287659,0.9964014400177221,0.8794864732939099,0.19354432803582888,0.19354432803582888
70,0.9479259222263389,3.9106730172079054,4.143428772454254,3.6779172619615568,0.866580130845402,-0.05347892089174784,3.707028326362463,293.9208376952697,260.8990239668875,277.4099308310786,0.9194307303102832,0.9181573176745911,0.8150029440162129,0.21514641451916183,0.21514641451916183
71,0.9536765438815749,4.228527883002547,4.469383595758652,3.9876721702464426,0.8041495532707489,-0.047430717560193535,4.032647857168741,143.04876766697384,127.63093110982192,135.33984938839788,0.9080451614089858,0.8499536768746355,0.7583454296668624,0.2385839142093079,0.2385839142093079
72,0.959427165536811,4.542516998872175,4.7907749286688235,4.294259069075527,0.7607513848215339,-0.041418875183904226,4.358214208630712,71.14367824551387,63.770348234263395,67.45701323988864,0.8974468987540838,0.8023280182017983,0.7191747514412695,0.2638531331717524,0.2638531331717524
73,0.965177787192047,4.845626815683015,5.100485422612665,4.5907682087533646,0.7406544341298893,-0.035442959180241054,4.676891367519377,40.26198240716575,36.23839959168534,38.25019099942554,0.8876394619555966,0.7796095919409856,0.701699276318793,0.2909120734764872,0.2909120734764872
74,0.970928408847283,5.130221614028876,5.3907834033839395,4.869659824673813,0.740727548832614,-0.02950254271143991,4.981077908742997,26.324107980533256,23.77937332312594,25.051740651829597,0.8786259132792245,0.7783487882388479,0.7031063094263802,0.31967613654629456,0.31967613654629456
75,0.976679030502519,5.388346723699041,5.653629039864762,5.123064407533321,0.7555559823739497,-0.023597206501664695,5.262685254113805,19.68763555067541,17.84005003635073,18.76384279351307,0.8704088591270482,0.7927539674470837,0.7183579973008156,0.3500153418760429,0.3500153418760429
76,0.9824296521577551,5.612105928077422,5.881054515388198,5.343157340766646,0.7772637280182353,-0.017726538659431183,5.513499274793577,16.688390190418904,15.162024823643208,15.925207507031056,0.8629904515238248,0.814512487093249,0.7400149689432217,0.3817535310910415,0.3817535310910415
77,0.9881802738129912,5.794090721894372,6.065595724454347,5.522585719334396,0.7971093014642671,-0.011890134505213031,5.725606156058892,15.685330779151649,14.281133741693885,14.983232260422767,0.8563723896084819,0.8344610056957601,0.7597575972327741,0.4146699295942945,0.4146699295942945
78,0.9939308954682273,5.927828890378554,6.20074282590844,5.6549149548486675,0.8098244339665976,-0.006087596404048885,5.891852277196384,15.85622746340356,14.46046390371729,15.158345683560425,0.8505559211308223,0.8471082991808604,0.7725405687523348,0.4485032775028961,0.4485032775028961
79,0.9996815171234633,6.008212463565616,6.281369589184836,5.735055337946395,0.8160595436376531,-0.00031853360297863026,6.006298950777375,16.356848015444246,14.934231649808918,15.645539832626582,0.8455418439527308,0.8531608413407481,0.7789582459345581,0.48295852876152123,0.48295852876152123
80,1.0054321387786995,6.031862262729416,6.304098663269284,5.759625862189549,0.8216744523999362,0.0054174379268587805,6.064628175634563,16.251050154004055,14.84747840323308,15.549264278618567,0.8413305075540879,0.8587591346412886,0.7845897701585838,0.5177158738928838,0.5177158738928838
81,1.0111827604339354,5.997389198680335,6.267562878585591,5.72721551877508,0.8341835331968076,0.011120695643622768,6.064456565318249,14.987921290828293,13.695762942291,14.341842116559647,0.8379218145429899,0.8717622907884844,0.7966047756051308,0.5524415983879436,0.5524415983879436
82,1.0169333820891715,5.905521432402178,6.172531685361428,5.638511179442928,0.8577753775385125,0.01679161058382228,6.005521883252836,12.985474091620455,11.862027538815488,12.423750815217971,0.8353152221699875,0.8965585439634306,0.8189922111135944,0.5868000801560741,0.5868000801560741
83,1.0226840037444076,5.759080527407182,6.021885894685841,5.496275160128523,0.8905155842966997,0.02243054750716062,5.889719531655231,10.957525864549043,10.001115643678046,10.479320754113544,0.8335097438464314,0.931152674555243,0.8498784940381566,0.6204660885918363,0.6204660885918363
84,1.0284346253996435,5.562806786469722,5.8204409927290115,5.305172580210433,0.925820556933794,0.028037865037321887,5.720983113613584,9.24492943626707,8.426500021653572,8.83571472896032,0.8325039506665199,0.9686987393837624,0.8829423744838256,0.6531364987436185,0.6531364987436185
85,1.0341852470548796,5.323051338397703,5.574636706188861,5.071465970606545,0.9551637042324629,0.03361391579883206,5.505021163486636,7.8715057483192155,7.161017953998002,7.516261851158609,0.8322959729331687,1.0003079638973384,0.9100194445675874,0.6845405867297356,0.6845405867297356
86,1.0399358687101157,5.047367357755559,5.292125339618716,4.802609375892402,0.9762208504095307,0.039159046550123554,5.248938357886608,6.74157635163117,6.117987711336225,6.429782031483697,0.8328835016873269,1.0235599538000992,0.9288817470189621,0.7144482202345069,0.7144482202345069
87,1.0456864903653518,4.7440426972547405,4.981301316343062,4.506784078166419,0.9960137747369753,0.04467359831293295,4.960781358235686,5.763067907106442,5.214079822861778,5.48857386498411,0.8342637902408653,1.0458263223609225,0.9462012271130279,0.742675478392146,0.742675478392146
88,1.0514371120205879,4.421619830762645,4.650817975466422,4.192421686058868,1.0266442754050114,0.050157906498149246,4.649055185310036,4.870827552619281,4.39074656724362,4.630787059931451,0.8364336557130007,1.0798611896128973,0.9734273611971256,0.7690874953722536,0.7690874953722536
89,1.057187733675824,4.088446234767123,4.309134898856176,3.8677575706780707,1.0769003014469667,0.05561230102823022,4.322255209188911,4.026535732487987,3.614104554273778,3.8203201433808824,0.8393894805699448,1.1350298879051257,1.0187707149888081,0.793598583974219,0.793598583974219
90,1.06293835533106,3.752290241230417,3.9641309291468123,3.5404495533140214,1.1483585770559057,0.06103710645629829,3.988453217738246,3.218800275164867,2.8747789112170494,3.046789593190958,0.8431272141680894,1.2131907342982104,1.083526419813601,0.8161699249084257,0.8161699249084257
91,1.068688976986296,3.4200458667586053,3.622806486871078,3.217285246646133,1.2333015766554742,0.06643264208202322,3.6549653185924638,2.4948122693130244,2.2155538078835804,2.3551830385983026,0.8476423743003891,1.3064190149035633,1.1601841384073854,0.8368052784462554,0.8368052784462554
92,1.074439598641532,3.0975373874809025,3.2910860301683353,2.9039887447934696,1.319124880573196,0.07179922206439633,3.3281168273821207,1.901687378497417,1.678011055514653,1.789849217006035,0.8529300487464131,1.4015499809778118,1.2366997801685806,0.8555452742909383,0.8555452742909383
93,1.0801902202967681,2.7894225508189536,2.973719591850988,2.605125509786919,1.3889721346235224,0.07713715553149271,3.0131069596698983,1.4488203019713781,1.2692382758972505,1.3590292889343143,0.8589848968254007,1.480741470327756,1.297202798919289,0.8724608621189534,0.8724608621189534
94,1.085940841952004,2.4991838277380745,2.6742728118163384,2.3240948436598106,1.4333259188433876,0.08244674668732127,2.713965790086717,1.114656361858626,0.9686996373749733,1.0416779996167997,0.865801150953158,1.533742533338876,1.3329093043478994,0.887646469135265,0.887646469135265
95,1.0916914636072401,2.2291908336691058,2.3951885815161233,2.063193085822088,1.4465519620067109,0.08772829491585318,2.4335886038680696,0.8626275138109354,0.7430592880532397,0.8028434009320876,0.8733726182023634,1.5542701367856595,1.3388337872277625,0.9012133289184112,0.9012133289184112
96,1.0974420852624762,1.9808141038270086,2.137900453629451,1.8237277540245662,1.4243118264571195,0.09298209488231557,2.173828760621235,0.663601409019038,0.5660826280209906,0.6148420185200143,0.8816926818663576,1.537265356708305,1.3113582962059342,0.913283337210247,0.913283337210247
97,1.1031927069177123,1.754570371849894,1.902977917709824,1.6061628259899638,1.3741683120384662,0.09820843663184034,1.9356292379987017,0.5059318022715447,0.42701959162648073,0.4664756969490127,0.8907543030268983,1.4904001543515761,1.2579364697253563,0.9239836735128357,0.9239836735128357
98,1.1089433285729484,1.5502816158277413,1.6902857478406255,1.410277483814857,1.311248254429048,0.10340760568554748,1.7191744552814643,0.3856117436347435,0.3217323226190639,0.3536720331269037,0.9005500221256441,1.4296655612205817,1.1928309476375143,0.9334423171957396,0.9334423171957396
99,1.1146939502281845,1.3672335444453596,1.4991430323960044,1.2353240564947148,1.2582001473643718,0.10857988313414371,1.52404696054228,0.29861949587023856,0.24606847980158947,0.272343987835914,0.911071960539689,1.37959018921387,1.1368101055148734,0.9417844932788455,0.9417844932788455
100,1.1204445718834206,1.204323108854163,1.3284714088976264,1.0801748088106997,1.2352332598496896,0.1137255457291129,1.349377290109413,0.23826529599482446,0.19373256272109007,0.21599892935795725,0.922311822160821,1.362567949552181,1.1078985701471982,0.9491300112601858,0.9491300112601858
101,1.1261951935386565,1.0601884282057212,1.1769258328710193,0.9434510235404233,1.2543909220610152,0.11884486597157218,1.1939791120905863,0.19677257260297618,0.15773745451239937,0.17725501355768777,0.9342608949803187,1.3925119737357072,1.1162698703863232,0.9555914112979964,0.9555914112979964
102,1.1319458151938926,0.933317806760704,1.0430045057930095,0.8236311077283983,1.3221627509122529,0.12393811219886612,1.056465185608721,0.16795537738689442,0.1326296029957536,0.150292490191324,0.9469100526762882,1.4775478369788904,1.1667776648456152,0.9612728037777041,0.9612728037777041
103,1.1376964368491287,0.8221370974150989,0.9251371719196707,0.7191370229105271,1.4420941546065753,0.1290055486689649,0.935342446330643,0.1466733366479681,0.11401360777505536,0.13034347221151174,0.9602497562080505,1.6227645146159944,1.2614237945971563,0.9662692771079354,0.9662692771079354
104,1.1434470585043646,0.7250764891990402,0.8217528250129544,0.628400153385126,1.623309743115785,0.1340474356427366,0.8290865787653142,0.12975610932337206,0.09922540759160614,0.1144907584574891,0.9742700554132707,1.8397498569427004,1.4068696292888696,0.9706667501470376,0.9706667501470376
105,1.1491976801596007,0.6406189308962715,0.7313290090559464,0.5499088527365966,1.8795101150039306,0.1390640294641558,0.7361977892523188,0.11530874865323333,0.08670420685793051,0.10100647775558193,0.988960590612114,2.1456441632053753,1.6133760668024864,0.9745421557137666,0.9745421557137666
106,1.1549483018148368,0.5673329736940325,0.6524254757755067,0.48224047161255823,2.2496742895056077,0.14405558263850857,0.6552402545314843,0.10264384607223716,0.07586922733077735,0.08925653670150725,1.0043105942151431,2.58709591496825,1.9122526640429653,0.9779638565274835,0.9779638565274835
107,1.1606989234700729,0.5038929662758955,0.583705119384849,0.42408081316694196,2.8131834521264167,0.1490223439086574,0.5848680235005737,0.09193768980930081,0.06679573120089784,0.07936671050509932,1.020308892338476,3.2587666283792753,2.367600275873558,0.9809922117943741,0.9809922117943741
108,1.166449545125309,0.44908940276080817,0.5239449819147775,0.3742338236068389,3.7374914747073658,0.15396455832942024,0.5238401295709414,0.0836588132239291,0.05975428457542472,0.07170654889967691,1.036943906423845,4.360467851353808,3.1145150980609246,0.9836802294723219,0.9836802294723219
109,1.172200166780545,0.40183192281532476,0.47203982630189245,0.33162401932875707,5.436135087164387,0.15888246734012115,0.4710274469418708,0.07790101845686809,0.05472811277993369,0.06631456561840089,1.0542036548657472,6.385934308852869,4.486335865475906,0.9860742547244654,0.9860742547244654
110,1.1779507884357812,0.36114708269448165,0.4270003975363012,0.2952937678526621,8.880156692974136,0.16377630883536537,0.4254134908012469,0.07442322640581564,0.05146766857343897,0.06294544748962731,1.0720757546435067,10.499407636894478,7.260905749053795,0.988214658504166,0.988214658504166
111,1.1837014100910173,0.326172618107138,0.3879480970307566,0.26439713918351937,16.449575715711024,0.16864631723409118,0.3860909879864981,0.0726433562754436,0.049508415499184,0.0610758858873138,1.0905474229632899,19.565043911127077,13.33410752029497,0.9901365013483525,0.9901365013483525
112,1.1894520317462531,0.2961495441126679,0.35410742147947594,0.2381916667458599,35.645408305979345,0.17349272354694814,0.3522556769455395,0.07175204325027154,0.04826427727156175,0.06000816026091664,1.1096054789049592,42.621384613752355,28.669431998206328,0.991870156315507,0.991870156315507
113,1.1952026534014892,0.2704131055614823,0.3247971868739955,0.2160290242489691,90.96069516357163,0.1783157554420516,0.32319846128162066,0.07122141051191438,0.047370766867180614,0.0592960886895475,1.1292363450751974,109.25423841380318,72.66715191334009,0.9934418818011466,0.9934418818011466
114,1.2009532750567253,0.2483833129789158,0.29942128021965797,0.1973453457381736,267.0158949051694,0.18311563730915711,0.2982967531914686,0.07110470308362674,0.046864345123881546,0.05898452410375414,1.1494260492738513,321.8824973893882,212.14929242095053,0.9948743399827235,0.9948743399827235
115,1.2067038967119612,0.22955557400303764,0.27745945672632344,0.18165169127975184,951.91424891844,0.1878925903223037,0.2770056056614165,0.07207176315207386,0.047185119673183014,0.05962844141262845,1.1701602261629755,1150.5606496467021,753.2678481901779,0.9961870602017516,0.9961870602017516
116,1.2124545183671973,0.2134917554569389,0.25845852498518435,0.16852498592869347,4048.118912740822,0.1926468325009682,0.25884904353791033,0.07496725716128116,0.048881560238501945,0.061924408699891555,1.1914241189490045,4900.755258264074,3195.4825672175707,0.9973968489991765,0.9973968489991765
117,1.2182051400224334,0.1998118791151967,0.24202413008537288,0.15759962814502054,19527.833335672494,0.1973785787697708,0.24341185817567373,0.08042995044620316,0.05237382850037615,0.06640188947328965,1.213202581066344,23653.28275999797,15402.383911347019,0.9985181500325709,0.9985181500325709
118,1.2239557616776695,0.18818655798898373,0.22781324783834944,0.14855986813961802,118426.99355028005,0.2020880410167767,0.23033202192090552,0.08861574200461271,0.05778743366426628,0.07320158783443949,1.235480077887097,143364.3206014741,93489.666499086,0.999563357975014,0.999563357975014
119,1.2297063833329056,0.17833021199100071,0.21552743454816053,0.1411329894338409,852949.4723159213,0.20677542815043043,0.21929380002644386,0.09922729099699128,0.06497661998894028,0.08210195549296577,1.2582406884164632,1030862.9677215593,675035.9769102833,1.0005430908763038,1.0005430908763038
120,1.2354570049881415,0.1699950561344481,0.20490683048370517,0.13508328178519102,6817528.126211767,0.211440946155162,0.21002158291465622,0.11147631515577804,0.07348991957474173,0.09248311736525988,1.2814681070267104,8217639.452824562,5417416.799598973,1.0014664255521313,1.0014664255521313
121,1.2412076266433776,0.16296582489187114,0.19572488489722156,0.13020676488652072,71485296.72252703,0.2160847981457027,0.20227442473801965,0.12460876427211369,0.0828964803371782,0.10375262230464595,1.3051456451733106,85855126.26431797,57115467.18073606,1.002341100405231,1.002341100405231
122,1.2469582482986137,0.15705517920777234,0.18778375279923692,0.12632660561630776,871692420.5010394,0.22070718442014378,0.19584125115114864,0.13768970902852787,0.09262714857161855,0.11515842880007321,1.3292562331406095,1042243081.9157283,701141759.0863504,1.0031736898239978,1.0031736898239978
123,1.2527088699538496,0.15209973379841676,0.18091030422381044,0.1232891633730231,11546139661.574036,0.22530830251177633,0.190536685646896,0.14990073734571535,0.10215635077087079,0.12602854405829308,1.3537824218063907,13733197203.05589,9359082120.092182,1.0039697539475736,1.0039697539475736
124,1.2584594916090857,0.14795663941672862,0.17495268328819696,0.12096059554526029,212071552634.77017,0.2298883472397436,0.18619743722056512,0.1607741895857129,0.11115772193421637,0.13596595575996465,1.3787063843846672,250765949597.20456,173377155672.33582,1.0047339672045632,1.0047339672045632
125,1.2642101132643218,0.1445006558883906,0.16977735516853873,0.11922395660824245,4364364401540.6865,0.23444751075853737,0.18267919054743104,0.17015165778045038,0.11948680578690121,0.14481923178367578,1.4040099182292605,5127798490116.271,3600930312965.102,1.0054702286677117,1.0054702286677117
126,1.2699607349195579,0.1416216547851394,0.16526658176634162,0.11797672780393718,119967476493238.48,0.23898598260637274,0.17985394079145955,0.17945079945951803,0.12810223274277333,0.15377651610114568,1.4296744466058775,139997056193498.9,99937896792978.06,1.006181756875626,1.006181756875626
127,1.275711356574794,0.1392224955494235,0.16131627169675322,0.11712871940209381,351887418434787.8,0.2435039497524693,0.17760771866308328,0.19161133639648964,0.13912539769846635,0.16536836704747798,1.4556810205087503,407729844051990.0,296044992817585.6,1.0068711714521337,1.0068711714521337
128,1.28146197823003,0.1372172240098447,0.15783415519119567,0.11660029282849374,591476482378724.5,0.2480015966432692,0.17583865532688878,0.21041189526169982,0.15544220179968446,0.18292704853069214,1.482010320473399,680346010388668.9,502606954368780.1,1.0075405635232153,1.0075405635232153
129,1.2872125998852662,0.1355295478774607,0.1547382402625818,0.11632085549233959,inf,0.2524791052476204,0.17445534168462082,0.23971607465574582,0.18020095634992622,0.20995851550283604,1.5086426584049568,inf,inf,1.0081915566631665,1.0081915566631665
130,1.2929632215405022,0.1340915491227904,0.15195551198219157,0.11622758626338922,9249374476315690.0,0.2569366551009531,0.17337544133515959,0.2835113443570221,0.21685188515416948,0.25018161475559575,1.5355579794584207,1.048159591904279e+16,8017153033588589.0,1.008825359848541,1.008825359848541
131,1.2987138431957383,0.13284259806549686,0.14942084207833622,0.1162643540526575,1242420757917078.2,0.2613744233484757,0.1725245210737482,0.34685548028374436,0.26988824185364846,0.3083718610686964,1.5627358638575466,1397470077874001.2,1087371437960155.4,1.009442813669737,1.009442813669737
132,1.3044644648509742,0.13172843893000336,0.1470760818310035,0.1163807960290032,2184037708827034.0,0.26579258478741646,0.17183506759448106,0.437087996761593,0.3458662235528326,0.39147711015721276,1.5901555288184688,2438499320227495.0,1929576097426573.0,1.0100444308857321,1.0100444308857321
133,1.3102150865062103,0.13070042045576377,0.1448693162384917,0.11653152467303586,644829097135379.1,0.270191311908337,0.17124566269384658,0.5668175964728172,0.4559427796272912,0.5113801880500541,1.6177958304142013,714733357910684.1,574924836360074.1,1.0106304322134054,1.0106304322134054
134,1.3159657081614462,0.12971484918914328,0.1427542635105283,0.11667543486775825,739583559689945.5,0.27457077493553916,0.17070029337224613,0.7568079178778275,0.6185517038743006,0.6876798108760641,1.6456352655589404,813929222660420.2,665237896719470.9,1.0112007781315162,1.0112007781315162
135,1.3217163298166823,0.12873244582685903,0.14068980962115826,0.11677508203255979,1836886550089231.8,0.2789311418665936,0.17014777582660098,1.0512085982895758,0.872522115348263,0.9618653568189194,1.6736519737849618,2007506478788586.2,1666266621389877.0,1.0117551973111154,1.0117551973111154
136,1.3274669514719184,0.12771788897310365,0.13863967653474815,0.11679610141145917,inf,0.28327257851100757,0.16954127672355485,1.550630430573099,1.3063186062434164,1.4284745184082577,1.7018237394484967,inf,inf,1.0122932122833865,1.0122932122833865
137,1.3332175731271545,0.12663943116856347,0.13657222979030945,0.11670663254681748,inf,0.287595248528059,0.1688379150847555,2.4778580308373384,2.1174324176453703,2.297645224241354,1.730127993413959,inf,inf,1.012814162692449,1.012814162692449
138,1.3389681947823906,0.12546857674288084,0.13446044627564246,0.11647670721011921,634037775653642.0,0.29189931346381554,0.167998433703331,4.397237735759527,3.8091184914810943,4.103178113620311,1.7585418152907264,679476921498128.6,588598629809155.2,1.0133172266344592,1.0133172266344592
139,1.3447188164376267,0.12417981033900362,0.13228207447234655,0.11607754620566069,2.3516123214950264e+16,0.2961849327873603,0.16698692758451392,8.907668909499115,7.816481209200143,8.36207505934963,1.7870419352890485,2.5050461535806276e+16,2.1981784894094256e+16,1.0138014402952769,1.0138014402952769
140,1.3504694380928628,0.12275036855529765,0.13002003448407257,0.11548070262652274,inf,0.30045226392624486,0.16577062124856465,20.49390613858219,18.202200067370335,19.348053102976262,1.8156047363430574,inf,inf,1.0142657162271351,1.0142657162271351
141,1.3562200597480987,0.12116004711037834,0.1276630973974003,0.11465699682335637,inf,0.30470146230118883,0.16431968633111976,54.55529263403378,48.997291635233864,51.77629213463382,1.844206256079351,inf,inf,1.0147088604365675,1.0147088604365675
142,1.3619706814033345,0.11939103819014321,0.1252068093748783,0.11357526700540814,inf,0.30893268136004604,0.16260709363728088,173.59129366858102,157.46489848801377,165.52809607829738,1.8728221890933816,inf,inf,1.01512958852074,1.01512958852074
143,1.3677213030585706,0.1174277920752572,0.12265436058972222,0.1122012235607922,inf,0.3131460726110538,0.16060849279246167,623.6231391904423,570.4752682380627,597.0492037142525,1.901427888681295,inf,inf,1.0155265409124352,1.0155265409124352
144,1.3734719247138067,0.11525690045340956,0.12001647325872918,0.11049732764808994,inf,0.31734178565538573,0.15830211690229204,2633.2400271576835,2424.383737969445,2528.8118825635643,1.9299983693489708,inf,inf,1.0158982975078379,1.0158982975078379
145,1.3792225463690428,0.11286699647479238,0.11730847403594814,0.10842551891363662,2053469972680124.8,0.321519968219024,0.15566870627898893,13839.531464294745,12791.559969298776,13315.54571679676,1.9585083087310045,2134276949839323.5,1972662995520926.2,1.0162433916345983,1.0162433916345983
146,1.384973168024279,0.11024866983980132,0.11454284854112487,0.10595449113847777,inf,0.325680766183969,0.1526914495384924,78901.98352728387,72985.9578395973,75943.97068344058,1.9869320499113923,inf,inf,1.0165603235583642,1.0165603235583642
147,1.390723789679515,0.10739439388879293,0.11171921586938487,0.103069571908201,inf,0.329824323618802,0.14935593845935666,536618.841770005,495072.1670278546,515845.50439892977,2.0152436034052466,inf,inf,1.0168475735290632,1.0168475735290632
148,1.3964744113347511,0.10429846356974182,0.10881902882671746,0.09977789831276618,inf,0.33395078280861695,0.1456501355166742,4785954.455689585,4388317.761682513,4587136.1086860495,2.043416649697753,inf,inf,1.0171036145149648,1.0171036145149648
149,1.4022250329899872,0.10095694181870826,0.10581026009947271,0.09610362353794381,inf,0.3380602842843383,0.14156435107230642,43078789.21956548,39126902.6059996,41102845.91278254,2.0714245412080823,inf,inf,1.0173269245769856,1.0173269245769856
150,1.4079756546452233,0.09736761381108214,0.10265766375518251,0.09207756386698177,inf,0.3421529668514376,0.13709122979690166,473292569.4028323,424514110.2264481,448903339.8146402,2.0992403045568127,inf,inf,1.0175159990088105,1.0175159990088105
151,1.4137262763004592,0.09352994815945628,0.09933076326302903,0.08772913305588353,inf,0.3462289676180655,0.13222574533404313,7323833598.535627,6468424797.499027,6896129198.017327,2.12683664321668,inf,inf,1.017669362295264,1.017669362295264
152,1.4194768979556953,0.08944506342136589,0.09580692517551961,0.08308320166721217,6457288071676973.0,0.35028842202261334,0.12696520116281088,102229687502.83154,88652983358.07661,95441335430.45407,2.154185939532031,6916568578027890.0,5998007565326057.0,1.0177855798296394,1.0177855798296394
153,1.4252275196109314,0.08511570002178936,0.0920712055830321,0.07816019446054663,1143412706519473.0,0.3543314638607162,0.12130923802200295,1819123324117.3691,1544272521038.137,1681697922577.753,2.1812602571092645,1236850385313818.2,1049975027725127.9,1.0178632695102316,1.0178632695102316
154,1.4309781412661673,0.08054619706866956,0.08811505132437779,0.07297734281296132,1.165861652600968e+16,0.3583582253117128,0.11525984736738318,66320846543619.93,54927269304336.75,60624057923978.336,2.208031343439273,1.2754166316316076e+16,1.0563066735703282e+16,1.0179011132431084,1.0179011132431084
155,1.4367287629214034,0.07574247286060358,0.08393493961357289,0.06755000610763427,2.229228101812962e+16,0.36236883696457634,0.10882138933362295,4767430238560070.0,3836780525667727.0,4302105382113898.5,2.234470631917213,2.4703461485197096e+16,1.9881100551062144e+16,1.0178978682869657,1.0178978682869657
156,1.4424793845766395,0.07071201019320664,0.07953129849553567,0.06189272189087761,inf,0.36636342784332443,0.10200061694567376,inf,inf,inf,2.2605492450659628,inf,inf,1.017852378639787,1.017852378639787
157,1.4482300062318756,0.06546384355949493,0.0749077310500986,0.05601995606889126,inf,0.37034212543192613,0.09480670256612987,inf,inf,inf,2.2862379953417435,inf,inf,1.0177635861562615,1.0177635861562615
158,1.4539806278871117,0.06000855271226497,0.0700704841598456,0.049946621264684334,484796270929165.44,0.3743050556987142,0.08725127315117585,1918628669730636.5,1367608924978953.5,1643118797354795.0,2.3115073904013568,566084464422540.5,403508077435790.4,1.0176305420325062,1.0176305420325062
159,1.4597312495423478,0.05435825540970035,0.06502808594840442,0.04368842487099628,inf,0.37825234312031597,0.07934844409214398,inf,inf,inf,2.3363276325545774,inf,inf,1.0174524177578055,1.0174524177578055
160,1.4654818711975839,0.04852660697810506,0.05979110490130404,0.03726210905490608,602812486286109.1,0.3821841107051136,0.07111486279714314,309636675658473.6,192967090921462.34,251301883289967.97,2.3606686241747656,742743555501644.4,462881417070574.0,1.0172285165992685,1.0172285165992685
161,1.47123249285282,0.0425287989547929,0.05437198578382887,0.030685612125756927,669982155235875.0,0.3861004800162447,0.06256975090429635,inf,inf,inf,2.3844999675188485,856555113597879.9,483409196873870.25,1.0169582846127305,1.0169582846127305
162,1.4769831145080559,0.03638156354107367,0.04878494330720588,0.02397818377494146,inf,0.39000157119415485,0.053734955029567724,inf,inf,inf,2.407790970393507,inf,inf,1.0166413221747963,1.0166413221747963
163,1.482733736163292,0.030103177132084054,0.04304589062145193,0.01716046364271618,546265090291848.06,0.3938875029787119,0.044634996299440365,362715763559399.06,144598487412854.03,253657125486126.56,2.4305106466502178,781129088927914.8,311401091655781.44,1.0162773951173374,1.0162773951173374
164,1.488484357818528,0.023713466827298992,0.037172395278412845,0.010254538376185141,183330889503900.62,0.39775839273089125,0.035297124442083105,585408962573534.0,161493458452466.72,373451210513000.4,2.4526277189654997,287383044453742.8,79278734554058.4,1.0158664460890237,1.0158664460890237
165,1.494234979473764,0.01723381876245759,0.03118365432800278,0.003283983196912404,288242910931330.7,0.40161435645404425,0.025751374824775387,inf,inf,inf,2.474110622952934,521559813345636.5,54926008517024.87,1.0154086060562229,1.0154086060562229
166,1.499985601129,0.010687186036330698,0.02510048159994878,-0.003726109527287382,276302023384004.6,0.405455508814758,0.016030625171082957,575621776119778.1,-85449746275719.56,245086014922029.28,2.494927509236369,648937318991405.1,-96333272223395.9,1.0149042056704642,1.0149042056704642
167,1.5057362227842361,0.004098096941529223,0.018945304544154273,-0.010749110661095828,17831174304699.387,0.40928196316331505,0.006170653009341843,111775385255250.86,-63418668329933.96,24178358462658.453,2.515046246196843,82432658963984.94,-46770310354586.18,1.0143537867029113,1.0143537867029113
168,1.5114868444394722,-0.0025073374048735597,0.012742167527063397,-0.017756842336810515,-61564891598868.04,0.4130938315537642,-0.003789807502037392,inf,-inf,-inf,2.5344344231563474,312869804045313.06,-435999587243049.1,1.0137581135119922,1.0137581135119922
169,1.5172374660947083,-0.009101417725711323,0.006516738415532235,-0.02471957386695488,-inf,0.41689122476360974,-0.013809011968027711,inf,-inf,-inf,2.553059352456617,inf,-inf,1.0131181843930965,1.0131181843930965
170,1.5229880877499442,-0.01565485384747274,0.0002963170257162667,-0.03160602472066175,-inf,0.4206742523131283,-0.023842155925167367,2290536591476.463,-244315209221578.12,-121012336315050.83,2.5708880721203924,inf,-inf,1.0124352429089938,1.0124352429089938
171,1.5287387094051803,-0.022136764997861748,-0.0058901557330315255,-0.03838337426269197,-161832445122595.44,0.4244430224843222,-0.03384132955323694,-766442235096019.1,-4994543522074850.0,-2880492878585434.5,2.5878873531703332,-43060415761807.984,-280604474483382.9,1.0117107893906225,1.0117107893906225
172,1.5344893310604164,-0.02851468964180746,-0.012012094955895145,-0.04501728432771977,-493666259460871.7,0.4281976423395158,-0.043755487033852514,-1107824889421410.5,-4151754395508933.5,-2629789642465172.0,2.6040236961668177,-207961793014615.4,-779370725907127.9,1.010946591522956,1.010946591522956
173,1.5402399527156523,-0.034754599931311914,-0.018037270757513463,-0.051471929105110364,-367622000623768.8,0.43193821773960495,-0.05353042335485527,-877904793670775.8,-2505226755662898.0,-1691565774666837.0,2.619263337966095,-190791940484851.94,-544452060762685.75,1.0101446953402111,1.0101446953402111
174,1.5459905743708884,-0.040820927874078476,-0.02393181649698745,-0.057710039251169507,-123331580135873.75,0.43566485336196714,-0.0631087697303992,-221967441286163.0,-535260236126189.0,-378613838706176.0,2.6335722545274414,-72304793100244.14,-174358367171503.38,1.0093074355674512,1.0093074355674512
175,1.5517411960261245,-0.04667660442632794,-0.029660247716503163,-0.06369296113615272,-842246892174896.2,0.43937765271803675,-0.07243000997894841,-inf,-inf,-inf,2.646916165008032,-535198559693679.8,-1149295224656112.8,1.0084374455093479,1.0084374455093479
176,1.5574918176813606,-0.052283115833256406,-0.03518549639422522,-0.0693807352722876,-279092423867323.06,0.44307671817055794,-0.08143052511318365,-inf,-inf,-inf,2.659260531511388,-187823646642592.25,-370361201092053.9,1.0075376660146436,1.0075376660146436
177,1.5632424393365967,-0.05760057846915875,-0.04046896199731519,-0.0747321949410023,-210405109016168.78,0.4467621509505177,-0.09004366879332677,-inf,-inf,-inf,2.6705705662239003,-147826229998287.94,-272983988034049.6,1.0066113540149342,1.0066113540149342
178,1.5689930609918328,-0.062587839752563,-0.04547058716274735,-0.07970509234237866,-152207996779909.94,0.4504340511737691,-0.09819988627424014,-inf,-inf,-inf,2.6808112324080877,-110580378102355.66,-193835615457464.22,1.0056620895873225,1.0056620895873225
179,1.5747436826470689,-0.06720260793907945,-0.05014896109890768,-0.08425625477925122,-inf,0.45409251785735005,-0.10582688230947312,-3808667209884306.5,-6399016605199062.0,-5103841907541684.0,2.6899472497336445,-inf,-inf,1.0046937819000277,1.0046937819000277
180,1.580494304302305,-0.07140161847493146,-0.05446145875159538,-0.08834177819826752,-110394020940974.62,0.4577376489355044,-0.1128498513175954,-inf,-inf,-inf,2.697943093902667,-84202845065906.86,-136585196816042.38,1.0037106731583436,1.0037106731583436
181,1.586244925957541,-0.07514084168829725,-0.058364420774032005,-0.0919172626025625,-225602844418480.62,0.46136954127541274,-0.11919177886024039,-456515570312705.56,-718959616185576.6,-587737593249141.1,2.7047630061889936,-175233322433083.6,-275972366403877.66,1.0027173409745267,1.0027173409745267
182,1.5919955476127772,-0.07837574239584394,-0.06181338553369106,-0.09493809925799682,-969874963909103.6,0.464988290692638,-0.12477383293502953,-9554705049345012.0,-1.467490461044537e+16,-1.2114804829895192e+16,2.7103709878551308,-764921048668333.8,-1174828879149873.5,1.0017186974980692,1.0017186974980692
183,1.5977461692680128,-0.08106159728060361,-0.06476337910873377,-0.09735981545247345,-196279801404416.75,0.4685939919662923,-0.12951585652983078,-5.511942720181095e+16,-8.286190952458597e+16,-6.899066836319846e+16,2.714730815162586,-156815848887582.66,-235743753921250.84,1.0007199864329444,1.0007199864329444
184,1.603496790923249,-0.08315388310482083,-0.06716927740632171,-0.09913848880331995,-908552245276054.1,0.47218673885393364,-0.13333698471138716,-1272115010170104.2,-1877578032131913.5,-1574846521151009.0,2.7178060321085313,-733901960106367.0,-1083202530445741.2,0.999726775445572,0.999726775445572
185,1.609247412578485,-0.08460874486263772,-0.06898624957608078,-0.10023124014919467,-234802202457181.72,0.4757666241061917,-0.13615640375171295,-8401007296458090.0,-1.2205959665886582e+16,-1.0303483481172336e+16,2.7195599644101685,-191447389581564.34,-278157015332799.1,0.9987449451152607,0.9987449451152607
186,1.6149980342337211,-0.08538355747424693,-0.07017029764290711,-0.10059681730558676,-434015881936159.4,0.4793337394811367,-0.13789427747679076,-3079787030300651.0,-4415212470722458.5,-3747499750511555.0,2.7199557096460834,-356684876082785.2,-511346887789533.56,0.9977806718564763,0.9977806718564763
187,1.6207486558889572,-0.08543759491997513,-0.07067890622503495,-0.10019628361491531,-228484307619196.8,0.4828881757583913,-0.1384728671289349,-643686272873943.6,-912506655812691.0,-778096464343317.2,2.718956156376387,-189015397346275.75,-267953217892117.84,0.9968404058415897,0.9968404058415897
188,1.6264992775441933,-0.08473282092622648,-0.07047181814154069,-0.09899382371091228,-103944552531082.55,0.48643002275299235,-0.13781787202078888,-362090360644887.5,-508638918001342.6,-435364639323115.06,2.716523977684653,-86450108974325.31,-121438996087839.77,0.9959308409969505,0.9959308409969505
189,1.6322498991994294,-0.08323481724531541,-0.06951195227103613,-0.09695768221959469,-170965337687667.88,0.4899593693290085,-0.135860022058549,-1.684162233967865e+17,-2.3491279032215987e+17,-2.0166450685947318e+17,2.7126216348837615,-142778404358370.84,-199152271016964.9,0.9950588771863935,0.9950588771863935
190,1.6380005208546655,-0.08091386688310725,-0.06776648195239203,-0.09406125181382248,-352122146176165.9,0.4934763034129184,-0.13253695609889476,-624797911123634.6,-867232176701125.5,-746015043912380.0,2.7072113902668082,-294907164656426.6,-409337127695905.2,0.9942315731579344,0.9942315731579344
191,1.6437511425099016,-0.07774620527207596,-0.0652080883800235,-0.09028432216412842,-867453365368885.6,0.4969809120067541,-0.1277954137417842,-5783747366324912.0,-8007928517916468.0,-6895837942120690.0,2.7002553018164708,-727559313236854.6,-1007347417500916.6,0.9934560881897834,0.9934560881897834
192,1.6495017641651373,-0.07371545720611913,-0.061816407185965316,-0.08561450722627295,-inf,0.5004732812010149,-0.12159377670773319,-inf,-inf,-inf,2.691715233672267,-inf,-inf,0.9927396118358405,0.9927396118358405
193,1.6552523858203734,-0.06881426596388927,-0.057579676337193464,-0.08004885559058508,-inf,0.5039534961873579,-0.11390497791520543,-936691807021241.5,-1302214808468690.2,-1119453307744965.9,2.681552842156274,-inf,-inf,0.9920892793995344,0.9920892793995344
194,1.6610030074756095,-0.06304613600267085,-0.05249660601722844,-0.07359566598811326,-inf,0.5074216412710656,-0.10471982151015259,-304989387109870.1,-427568537598240.9,-366278962354055.5,2.6697296233830685,-inf,-inf,0.9915120728474224,0.9915120728474224
195,1.6667536291308456,-0.05642746132108557,-0.046578446401913526,-0.06627647624025762,-154184683510254.03,0.5108777998833007,-0.09405067593955979,-190207301443596.4,-270645989049822.62,-230426645246709.53,2.656206863625539,-127272835756563.56,-181096531263944.47,0.9910147033628139,0.9910147033628139
196,1.6725042507860817,-0.048989758169406775,-0.03985126926599941,-0.05812824707281414,-228896945134976.22,0.5143220545931492,-0.081935578783315,-3420854936216187.5,-4989760792946316.0,-4205307864581251.5,2.6409456718157576,-186198792065788.4,-271595098204164.03,0.9906034766847484,0.9906034766847484
197,1.6782548724413178,-0.04078205765064651,-0.03235842137658469,-0.04920569392470833,-183666059638853.72,0.5177544871194557,-0.06844268696038024,-269536082258298.0,-409868881145852.94,-339702481702075.44,2.623906993481603,-145729374453884.3,-221602744823823.12,0.9902841384070181,0.9902841384070181
198,1.6840054940965539,-0.031873402351620526,-0.024163094091672853,-0.0395837106115682,-567456548031391.6,0.5211751783424577,-0.05367498467567899,-333155600732906.8,-545771780633808.25,-439463690683357.5,2.605051595386823,-430186454892891.6,-704726641169891.5,0.9900616989066034,0.9900616989066034
199,1.68975611575179,-0.022355375488432846,-0.015350936589932602,-0.02935981438693309,-inf,0.524584208315221,-0.037775132451507064,-849782403250323.2,-1625272404882036.8,-1237527404066180.0,2.5843400722815377,-inf,-inf,0.9899402383022505,0.9899402383022505
