,m,spdy,spdy_up,spdy_dn,epk,ret,spd_ret,cb_ret_up,cb_ret_dn,epk_ret,volatility,epk_up,epk_dn,cdf_m,cdf_ret
0,0.9851443341833411,8.014248043274108,8.02075804134069,8.007738045207526,0.6347447747471466,-0.014967116379008775,7.895191052571415,0.6305542314297266,0.6295306606384561,0.6300424460340913,0.21467937527523206,0.635260379858701,0.6342291696355922,0.05655634290946665,0.05655634290946665
1,0.9854024978378154,8.391746160220748,8.397676863348059,8.385815457093438,0.653108296686101,-0.014705094028911644,8.269247627502422,0.6490326622165288,0.6481159277190787,0.6485742949678037,0.213729885399607,0.653569868252218,0.6526467251199841,0.05815329390667401,0.05815329390667401
2,0.9856606614922896,8.790608277833712,8.796045101703053,8.785171453964372,0.6722906067758794,-0.01444314031654235,8.664556770049174,0.6683210422067091,0.667494865498282,0.6679079538524956,0.21275011107145791,0.6727064057174917,0.671874807834267,0.059853190348466256,0.059853190348466256
3,0.9859188251467638,9.211390898553987,9.216430036455384,9.20635176065259,0.6922487579453231,-0.01418125520595038,9.08168369266994,0.6884330513483855,0.6876802416231661,0.6880566464857758,0.21174288386830029,0.6926274561236737,0.6918700597669726,0.06166248066282343,0.06166248066282343
4,0.986176988801238,9.654687272992533,9.659434689211547,9.649939856773518,0.7130137625192389,-0.013919438661213465,9.521230422697412,0.7093332115137985,0.708635965742928,0.7089845886283632,0.2107109679192429,0.7133643666356491,0.7126631584028286,0.06358770612331277,0.06358770612331277
5,0.9864351524557122,10.121124029919315,10.125691864189223,10.116556195649407,0.7345715136875675,-0.013657690646437874,9.983832525476632,0.731059514392058,0.7303999330522402,0.7307297237221491,0.2096570596687755,0.7349030382221944,0.7342399891529405,0.06563551408644663,0.06563551408644663
6,0.9866933161101865,10.611356998520932,10.615857329064982,10.606856667976883,0.756929723652113,-0.013396011125757605,10.470155025299654,0.753593514684546,0.7529545799651342,0.75327404732484,0.20858378768091107,0.7572507414027668,0.756608705901459,0.0678126702473616,0.0678126702473616
7,0.9869514797646607,11.126066188103891,11.130603565921305,11.121528810286478,0.7801070647805747,-0.01313440006333526,10.980887488308694,0.7769528396084158,0.7763193917349493,0.7766361156716826,0.20749371248642456,0.7804252042227728,0.7797889253383765,0.07012606966632617,0.07012606966632617
8,0.9872096434191349,11.66594988580232,11.670615003330285,11.661284768274355,0.8040944895190218,-0.012872857423361217,11.516738226908405,0.8011499244532182,0.8005094340327855,0.8008296792430019,0.2063893264758689,0.8044160403000483,0.8037729387379954,0.07258274631063522,0.07258274631063522
9,0.9874678070736091,12.231717829906415,12.23658410572232,12.22685155409051,0.8289275527297318,-0.012611383170053947,12.078427582240852,0.8261819138926386,0.8255247976529464,0.8258533557727925,0.20527305384048952,0.829257333890406,0.8285977715690576,0.07518988084945377,0.07518988084945377
10,0.9877259707280833,12.824083415278551,12.8292066967281,12.818960133829002,0.8546032251609942,-0.012349977267660317,12.666680240053921,0.8520800608436971,0.8513995127673513,0.8517397868055242,0.20414725056319083,0.8549446431562153,0.8542618071657732,0.07795480642855068,0.07795480642855068
11,0.9879841343825575,13.443754888278477,13.449175280884925,13.438334495672029,0.8811480395217353,-0.012088639680454889,13.282216536147088,0.8788415118834602,0.878133116619994,0.8784873142517271,0.203014204461408,0.881503309932294,0.8807927691111765,0.08088501214274046,0.08088501214274046
12,0.9882422980370318,14.091425491766358,14.0971700991889,14.085680884343816,0.9085750134041488,-0.011827370372740224,13.925742710600797,0.9064924953311082,0.9057537025832706,0.9061230989571893,0.20187613528327553,0.908945409342373,0.9082046174659247,0.08398814391439124,0.08398814391439124
13,0.988500461691506,14.76776252659215,14.773848248445615,14.761676804738686,0.9368983225036404,-0.0115661693088472,14.59794007568686,0.9350442349987487,0.9342738982470514,0.9346590666229001,0.20073519485845315,0.9372844136657557,0.9365122313415251,0.08727200247704303,0.08727200247704303
14,0.9887586253459801,15.47339530438694,15.479831279682392,15.46695932909149,0.9661364088720279,-0.011305036453134291,15.299453070600576,0.964509887704578,0.9637078683934719,0.9641088780490249,0.1995934673045205,0.9665382618549846,0.9657345558890712,0.09074453815699002,0.09074453815699002
15,0.9890167890004544,16.20890197812605,16.21569155705634,16.202112399195762,0.9963027503624523,-0.011043971769987894,16.03087618762934,0.9949045831444856,0.9940714415949443,0.994488012369715,0.19845296928965975,0.9967200812940094,0.9958854194308953,0.0944138421407601,0.0944138421407601
16,0.9892749526549286,16.97479525179574,16.981937522226154,16.967652981365326,1.0274079208273903,-0.010782975223822624,16.792739769047337,1.0262412198362247,1.0253779859079035,1.0258096028720642,0.19731565035204318,1.0278402102956312,1.0269756313591492,0.09828813391537494,0.09828813391537494
17,0.9895331163094028,17.771506988843612,17.77899793370884,17.764016043978383,1.059466665403803,-0.010522046779080613,17.58549469218475,1.0585254390679344,1.0576334477721296,1.058079443420032,0.19618339327601572,1.0599132457856506,1.059020085021955,0.10237574457219623,0.10237574457219623
18,0.9897912799638771,18.59937176113408,18.607205128145672,18.591538394122487,1.0924827698434658,-0.010261186400231825,18.409495981976892,1.0917685143701452,1.0908492765366433,1.0913088954533943,0.19505801452498517,1.092942883152664,1.0920226565342674,0.10668509567295814,0.10668509567295814
19,0.9900494436183512,19.458609405961397,19.46677735967024,19.450441452252555,1.1264578859641012,-0.010000394051774353,19.264985415958897,1.1259714830345549,1.125026603172729,1.1254990431036418,0.1939412647305817,1.1269307283792789,1.1259850435489236,0.11122467339260922,0.11122467339260922
20,0.9903076072728255,20.349306688138768,20.357800299450407,20.34081307682713,1.161403411225696,-0.009739669698233614,20.15207321599161,1.161127012208886,1.1601581293846042,1.160642570796745,0.1928348292373998,1.1618881702055541,1.1609186522458377,0.11600299767589561,0.11600299767589561
21,0.9905657709272997,21.271398197441158,21.280207812102155,21.26258858278016,1.1972918167491329,-0.009479013304163213,21.070718954149875,1.197247686599786,1.1962564095534487,1.1967520480766174,0.191740328702402,1.197787678819149,1.1967959546791165,0.1210285861753242,0.1210285861753242
22,0.9908239345817739,22.224646648088083,22.23376216479238,22.215531131383784,1.2341463101452332,-0.009218424834144128,22.020711836548266,1.234295737132785,1.2332836507997131,1.233789693966249,0.19065931974784378,1.2346524995791448,1.233640120711322,0.1263099127794547,0.1263099127794547
23,0.9910820982362482,23.208622786481556,23.218033867035125,23.199211705927986,1.2719177046270636,-0.00895790425278502,23.00165056839974,1.272282687171848,1.271251285897782,1.271766986534815,0.18959329566626218,1.2724334663801793,1.2714019428739478,0.1318553605908015,0.1318553605908015
24,0.9913402618907223,24.22268515504652,24.2323813829992,24.21298892709384,1.3106031026218956,-0.008697451524722538,24.01292304530033,1.3111631364988179,1.3101138515396795,1.3106384940192488,0.1885436871759427,1.3111277309344536,1.3100784743093379,0.13767316927480877,0.13767316927480877
25,0.9915984255451965,25.265960003230475,25.275931003015828,25.255989003445123,1.350171080799301,-0.008437066614620624,25.053686159091246,1.3509097951513283,1.3498439652694634,1.350376880210396,0.18751186322503016,1.3507039145232174,1.349638247075385,0.143771376775085,0.143771376775085
26,0.9918565891996708,26.337321680164905,26.347557205640225,26.327086154689585,1.3905625952639984,-0.008176749487170808,26.122846050342904,1.3915038443884291,1.390422698767446,1.3909632715779374,0.18649913184225536,1.3911030123588608,1.390022178169136,0.15015775547511012,0.15015775547511012
27,0.992114752854145,27.435373886099796,27.445863885109855,27.424883887089738,1.4317835989927556,-0.00791650010709253,27.21903918246896,1.4328550571241607,1.4317597628974088,1.4323074100107847,0.18550674103211678,1.4323310458253888,1.4312361521601225,0.156839742984328,0.156839742984328
28,0.9923729165086191,28.55843219987173,28.569166859821273,28.54769753992219,1.4737149945763202,-0.007656318439132426,28.34061465310037,1.4749763064143393,1.4738678828358238,1.4744220946250814,0.1845358797121196,1.4742689405779283,1.473161048574712,0.16382436783479193,0.16382436783479193
29,0.9926310801630934,29.70450833548398,29.715478113715637,29.69353855725232,1.5163605579498176,-0.00739620444806465,29.485618194765074,1.5177381531018195,1.5166175754089726,1.5171778642553961,0.18358767868964904,1.5169205449676828,1.5158005709319522,0.171118170493461,0.171118170493461
30,0.9928892438175676,30.87129661079689,30.882492252705354,30.860100968888425,1.559600052375952,-0.007136158098691165,30.65177834756196,1.5611041250472135,1.5599722498978348,1.5605381874725242,0.18266321167582242,1.560165649730898,1.5590344550210058,0.1787271202236127,0.1787271202236127
31,0.9931474074720419,32.05616313299947,32.06757568017818,32.044750585820765,1.6033690875760525,-0.0068761793558409405,31.836495309039275,1.6049913409429073,1.603848938437485,1.604420139690196,0.1817634963336395,1.603939914636076,1.602798260516029,0.18665652846380354,0.18665652846380354
32,0.9934055711265161,33.25613821693128,33.26775900718047,33.24451742668208,1.647602494299218,-0.006616268184370821,33.03683297885297,1.6492663059867736,1.648114092649963,1.6486901993183682,0.1808894953576104,1.6481782208876574,1.6470267677107786,0.19491095953225113,0.19491095953225113
33,0.9936637347809902,34.46791255160929,34.479733212287634,34.45609189093094,1.6921308851052574,-0.006356424549164707,34.24951471613666,1.6939198570880944,1.69275840657897,1.6933391318335322,0.18004211758201813,1.692711195995458,1.6915505742150567,0.20349413960638074,0.20349413960638074
34,0.9939218984354645,35.687837615192166,35.699850051135165,35.675825179249166,1.7369708350529314,-0.006096648415133868,35.470923313548376,1.738735260604064,1.7375651466730575,1.7381502036385608,0.17922221911488392,1.7375554950459495,1.7363861750599132,0.21240886506594236,0.21240886506594236
35,0.9941800620899387,36.91193080761468,36.92412718464832,36.89973443058104,1.781874394322612,-0.005836939747217245,36.69710566217388,1.7836801544153975,1.7825018226670593,1.7830909885412283,0.1784306044947116,1.7824631582118005,1.7812856304334237,0.22165691142122768,0.22165691142122768
36,0.9944382257444129,38.13588572185631,38.14825844678585,38.12351299692677,1.8268084463482208,-0.0055772985103807555,37.92378253443448,1.8285785947962336,1.8273924593925943,1.8279855270944139,0.17766802786701394,1.827401132160489,1.8262157605359526,0.23123894416987412,0.23123894416987412
37,0.9946963893988872,39.35508790829704,39.36762960613633,39.34254621045774,1.8715967832430986,-0.0053177246696175995,39.14636384685887,1.8732859132157127,1.8720923343223321,1.8726891237690224,0.17693519417769385,1.872193224582199,1.8710003419039984,0.24115443303256967,0.24115443303256967
38,0.9949545530533613,40.56463640163679,40.57733989075332,40.55193291252026,1.9160828834505284,-0.0050582181899485636,40.359969680762646,1.917732693327377,1.9165319297256385,1.9171323115265078,0.17623276038031543,1.916682936605579,1.9154828302954776,0.251401571103429,0.251401571103429
39,0.9952127167078355,41.75937117690842,41.77222944268662,41.74651291113021,1.9602014238063006,-0.004798779036421326,41.559457236981906,1.9616483504651658,1.9604406870873583,1.9610445187762622,0.1755613366543476,1.9608049958950502,1.959597851717551,0.26197720051100504,0.26197720051100504
40,0.9954708803623098,42.93390658127828,42.94691274884345,42.920900413713106,2.0036646448378286,-0.00453940717411076,42.73945378185825,2.005026468517044,2.0038120524599625,2.004419260488503,0.17492148763152662,2.0042716242671483,2.003057665408509,0.27287674621603486,0.27287674621603486
41,0.995729044016784,44.08267065374116,44.09581796023465,44.069523347247674,2.0464875274978787,-0.004280102568119245,43.89439550775642,2.047579258586163,2.0463582742240356,2.046968766405099,0.17431373362752287,2.0470978761532597,2.045877178842498,0.2840941595663864,0.2840941595663864
42,0.9959872076712581,45.199950098544605,45.2132318653952,45.18666833169401,2.088351610910012,-0.004020865183575964,45.01857208552965,2.08919728163227,2.0879698431124067,2.0885835623723383,0.17373855187615062,2.08896526201223,2.087737959807794,0.2956218731867537,0.2956218731867537
43,0.9962453713257324,46.279940523750156,46.293350129344795,46.26653091815552,2.129177367647266,-0.0037616949856372124,46.106176532016285,2.129740183403168,2.12850635712796,2.129123270265564,0.1731963777635016,2.1297942964595777,2.128560438834954,0.30745076869618515,0.30745076869618515
44,0.9965035349802066,47.31680139856326,47.33033225168058,47.30327054544593,2.1687932240986902,-0.0035025919394867052,47.15135985762467,2.168926031385605,2.1676859209466177,2.1683059761661116,0.17268760605940425,2.1694134186530505,2.16817302954433,0.31957015861885907,0.31957015861885907
45,0.9967616986346809,48.30471502710259,48.31836054143522,48.29106951276996,2.2069534376482003,-0.003243556010334768,48.14828980247897,2.206798632607593,2.2055521953513186,2.206175413979456,0.1722125921437657,2.207576876058881,2.20632999923752,0.3319677836846111,0.3319677836846111
46,0.9970198622891551,49.237948687652874,49.25170225770733,49.22419511759842,2.243667204254489,-0.0029845871634191995,49.091212819964156,2.242972815638892,2.2417201123886077,2.2423464640137496,0.171771653225418,2.2442939248002283,2.24304048370875,0.3446298265031089,0.3446298265031089
47,0.9972780259436292,50.11091895123673,50.12477392986363,50.097063972609824,2.2785622335971207,-0.0027256853640044644,49.97451832991056,2.2774299736827834,2.276170965765709,2.2768004697242463,0.17136506955126696,2.279192224659094,2.2779322425351474,0.35754094234636113,0.35754094234636113
48,0.9975361895981035,50.918257077384624,50.932206755156194,50.90430739961305,2.3116769279580387,-0.002466850577382,50.792804145950925,2.3099607728691995,2.3086954356494163,2.3093281042593077,0.1709930856035896,2.3123102400568403,2.311043615859237,0.3706843074890571,0.3706843074890571
49,0.9977943532525777,51.65487429373434,51.66891188035106,51.640836707117614,2.342723247879208,-0.002208082768870521,51.54094188825985,2.340365525263241,2.339093848249731,2.339729686756486,0.17065591128351087,2.3433598999079037,2.342086595850513,0.3840416852440427,0.3840416852440427
50,0.9980525169070519,52.316025704633375,52.330144312507265,52.301907096759486,2.3715986860548126,-0.0019493819038153262,52.214141129083366,2.3686604229383095,2.3673822996639626,2.368021361301136,0.17035372307879668,2.3722387131102254,2.3709586589994,0.3975935094969074,0.3975935094969074
51,0.9983106805615262,52.89737154612499,52.91156417625346,52.88317891599652,2.3982310185258777,-0.0016907479475886016,52.80801098812795,2.3945005415969836,2.393215973240013,2.3938582574184983,0.17008666521424123,2.3988744759381024,2.397587561113653,0.41131898519802235,0.41131898519802235
52,0.9985688442160003,53.395034513615826,53.40929404382771,53.380774983403946,2.4223281954413465,-0.0014321808655897283,53.3186179011348,2.4179755725059673,2.4166844415766033,2.417330007041285,0.1698548507830484,2.4229750957083964,2.421681295174297,0.4251962049224147,0.4251962049224147
53,0.9988270078704745,53.805651935434014,53.81997111105841,53.79133275980962,2.4440551419282035,-0.0011736806232445864,53.74253832918976,2.4388210029979764,2.4375232726002274,2.438172137799102,0.16965836285776603,2.44470557275757,2.443404711098837,0.43920228026858155,0.43920228026858155
54,0.9990851715249488,54.126421650488965,54.14079307746824,54.11205022350969,2.463028491133973,-0.0009152471860058618,54.07690525871047,2.456981135978185,2.4556767470700045,2.4563289415240948,0.16949725557944545,2.463682464425183,2.4623745178427625,0.45331348654428183,0.45331348654428183
55,0.999343335179423,54.35514056964371,54.36955671008451,54.34072442920291,2.4793455775620687,-0.0006568805193533506,54.31944746101411,2.4724474634896256,2.4711363198267766,2.471791891658201,0.16937155522384761,2.480003152791805,2.478688002332333,0.46750541889454666,0.46750541889454666
56,0.9996014988338973,54.4902350549659,54.50468822509662,54.47578188483518,2.492853337258689,-0.00039858058879315485,54.468520632755286,2.4849721312491604,2.4836542363614864,2.484313183805323,0.1692812612436508,2.493514549921068,2.492192124596311,0.4817531577712799,0.4817531577712799
57,0.9998596624883714,54.53078243408886,54.54526480456886,54.51630006360887,2.5034639124709117,-0.00014034735985854311,54.52312971977491,2.4947731659803543,2.4934483862993777,2.494110776139866,0.1692263472857385,2.5041287863319743,2.5027990386098495,0.4960314414332956,0.4960314414332956
58,1.0001178261428456,54.476523172446804,54.49102677095169,54.462019573941916,2.5112717504069773,0.00011781920189085476,54.482941931047854,2.501554286135299,2.500222634259595,2.500888460197447,0.169206762182781,2.511940340747981,2.5106031600659735,0.5103148430099722,0.5103148430099722
59,1.00037598979732,54.32786344720307,54.3423801631921,54.31334673121405,2.5160360793406036,0.0003759191308687417,54.34829016956941,2.505432860894205,2.5040942865747904,2.5047635737344978,0.1692224309184546,2.5167083785783126,2.515363780102894,0.5245779495622571,0.5245779495622571
60,1.000634153451794,54.08586809555254,54.10038968710781,54.071346503997276,2.517994893966995,0.000633952461461737,54.12016683549861,2.5063793546850324,2.5050338332393722,2.505706593962202,0.16927325556574968,2.5186709539929493,2.5173188339410406,0.5387955405380396,0.5387955405380396
61,1.0008923171062682,53.75224413873457,53.766762241348495,53.73772603612064,2.516932906497207,0.000891919228030625,53.80020818567987,2.504310840326301,2.502958412162826,2.5036346262445637,0.16935911619794985,2.5176127123507928,2.516253100643621,0.5529427630433545,0.5529427630433545
62,1.0011504807607425,53.32931530358451,53.343821440760486,53.31480916640853,2.512975212506618,0.0011498194649089393,53.390669654824855,2.499452071607929,2.49809268663564,2.4987723791217844,0.16947987177197774,2.5136587683134937,2.512291656699743,0.5669953014370819,0.5669953014370819
63,1.0014086444152168,52.81998816831663,52.83447376383917,52.80550257279408,2.5061455550919454,0.0014076532064038782,52.89439274966175,2.4916088663009015,2.490242620527396,2.4909257434141487,0.169635360983892,2.5068328519295746,2.5054582582543166,0.580929538900179,0.580929538900179
64,1.0016668080696909,52.22771074163154,52.24216713335544,52.21325434990764,2.4963977229376972,0.001665420486795889,52.31476431135717,2.481015315498157,2.4796422281535118,2.4803287718258344,0.16982540309645267,2.4970887144222744,2.4957067314531196,0.5947227088265592,0.5947227088265592
65,1.0019249717241652,51.55642443864576,51.57084289364935,51.54200598364218,2.483965544942202,0.001923121340339581,51.655669097889216,2.467628872338687,2.4662490463026945,2.4669389593206907,0.1700497987387345,2.4846602196763437,2.4832708702080604,0.6083530341243204,0.6083530341243204
66,1.0021831353786395,50.81051053913518,50.82488227008031,50.79613880819005,2.4687123586707695,0.0021807558012624235,50.9214367622999,2.4515286561041507,2.4501422206152275,2.450835438359689,0.17030833067789516,2.469410632894415,2.4680140844471246,0.621799852794652,0.621799852794652
67,1.0024412990331135,49.99473230032629,50.009048482866966,49.980416117785616,2.4508850494949024,0.0024383239037654384,50.116784391951846,2.432890815533955,2.431497879252488,2.4321943473932217,0.1706007645632559,2.4515868697895686,2.450183229200236,0.635043728462044,0.635043728462044
68,1.0026994626875878,49.11417394658099,49.12842573766373,49.09992215549825,2.430461197918315,0.002695825682023891,49.246755826581484,2.411660677513135,2.4102614678449115,2.410961072679023,0.17092684964296273,2.4311664612352772,2.429755934601352,0.6480665448557019,0.6480665448557019
69,1.002957626342062,48.17417777204196,48.18835632894352,48.159999215140395,2.407566127964273,0.002953261170185989,48.31665898922773,2.388117901934963,2.3867125804780915,2.3874152412065275,0.17128631945354172,2.408274719473632,2.406857536454914,0.6608515835732192,0.6608515835732192
70,1.0032157899965362,47.18028057108813,47.19437707104039,47.16618407113587,2.3823430964541554,0.0032106304023735736,47.33200244538241,2.3622261727031333,2.3608150248843742,2.3615205987937538,0.17167889248275955,2.383054891698672,2.3816313012096395,0.6733835847911323,0.6733835847911323
71,1.0034739536510104,46.1381505582649,46.152156218521895,46.1241448980079,2.3548056656694403,0.003467933412682811,46.29843235484765,2.334164862921575,2.332748178513631,2.333456520717603,0.17210427280623597,2.35552048860286,2.3540908427360203,0.6856487909074431,0.6856487909074431
72,1.0037321173054847,45.05352585799778,45.0674319562063,45.03961975978927,2.325206980317825,0.0037251702351828917,45.22167090152552,2.3040624115580397,2.3026405192165895,2.3033514653873146,0.17256215069832206,2.325924672352081,2.3244892882835693,0.697634973403737,0.697634973403737
73,1.0039902809599588,43.93215553948312,43.94595343422559,43.918357644740645,2.293535157825117,0.003982340903916721,44.10745718326227,2.271978787524964,2.2705521021663535,2.271265444845659,0.1730522032178215,2.2942554948153515,2.292814820834882,0.7093314434919691,0.7093314434919691
74,1.004248444614433,42.77974404897827,42.79342520036493,42.76606289759162,2.259983423953065,0.004239445452901611,42.96149142218998,2.2381469452853406,2.236715864363883,2.237431404824612,0.1735740947691527,2.260706176649272,2.2592606712568584,0.7207290473573167,0.7207290473573167
75,1.0045066082689074,41.60189975558865,41.615455745784566,41.58834376539273,2.2246493950375164,0.004496483916127976,41.78938322102944,2.20258999028113,2.201155028785273,2.2018725095332017,0.17412747763960984,2.2253742976396973,2.223924492435336,0.7318201470179986,0.7318201470179986
76,1.0047647719233814,40.40408818299329,40.4175107365755,40.39066562941108,2.1876516701768196,0.004753456327560032,40.596604447957446,2.16549566688438,2.1640573555638123,2.164776511224096,0.17471199251340622,2.188378425143524,2.186924915210115,0.7425985879965111,0.7425985879965111
77,1.0050229355778557,39.19159035358621,39.20487135763583,39.17830934953658,2.1491396983339524,0.005010362721136475,39.38844718712598,2.1269691194300933,2.1255280594541075,2.1262485894421004,0.17532726896322168,2.1498679855195264,2.1484114111483787,0.7530596551299453,0.7530596551299453
78,1.00528109923233,37.96946652790507,37.98259805174963,37.956335004060506,2.1092124031206168,0.005267203130769192,38.16998704843757,2.087132081985461,2.0856889355917363,2.0864105087885987,0.17597292591998753,2.109941862222826,2.108482944018407,0.7632000179402567,0.7632000179402567
79,1.005539262886804,36.74252548512777,36.75549979965933,36.72955117059621,2.0680081311766845,0.005523977590343946,36.946051992914995,2.046127734400301,2.044683210182561,2.045405472291431,0.17664857212168505,2.0687383746096946,2.0672778877436744,0.7730176670426587,0.7730176670426587
80,1.0057974265412783,35.515299363344184,35.528108959849575,35.50248976683879,2.0256471684067443,0.005780686133721064,35.72119670249468,2.004062151218597,2.0026170291290506,2.003339590173824,0.17735380654191896,2.0263777753100993,2.0249165615033893,0.7825118430896083,0.7825118430896083
81,1.0060555901957526,34.29202396380356,34.304661572253885,34.27938635535323,1.9822473550738853,0.006037328794734144,34.49968240791128,1.96105858374864,1.9596137019516071,1.9603361428501236,0.17808821879908704,1.9829778708915449,1.9815168392562257,0.7916829597368178,0.7916829597368178
82,1.0063137538502267,33.07662432364509,33.08908293040251,33.06416571688767,1.9379283810858552,0.0062939056071907385,33.28546198782101,1.9172391621736884,1.9157954153746797,1.916517288774184,0.17885138954691784,1.938658319165018,1.9371984430066924,0.8005325220760255,0.8005325220760255
83,1.006571917504701,31.872705277496607,31.884978142407434,31.86043241258578,1.8928278583056597,0.0065504166048730465,32.082170067231964,1.8727151423688564,1.8712734866866036,1.87199431452773,0.17964289084720586,1.8935567082856717,1.8920990083256475,0.809063041914257,0.809063041914257
84,1.0068300811591753,30.683546660746742,30.695627333600875,30.67146598789261,1.8470148573297522,0.006806861821536617,30.893117774690985,1.8275887605161616,1.8261502167335093,1.8268694886248356,0.1804622865255533,1.8477420608207578,1.8462876538387467,0.8172779511933292,0.8172779511933292
85,1.0070882448136493,29.51210275575795,29.52398509210581,29.50022041941009,1.8006677720193198,0.007063241290911035,29.72129176505634,1.782002807658926,1.7805684242809792,1.7812856159699526,0.18130913251091904,1.8013927674659325,1.7999427765727074,0.8251815147418746,0.8251815147418746
86,1.0073464084681236,28.361005546417573,28.37268372274672,28.349327370088425,1.753834581232158,0.007319555046700611,28.569357077728277,1.735995543871784,1.7345664748231133,1.7352810093474487,0.18218297715978632,1.7545567555379409,1.7531124069263753,0.8327787434387446,0.8327787434387446
87,1.007604572122598,27.232571325029994,27.244039853314874,27.221102796745114,1.7066743231806916,0.007575803122583085,27.439663377754975,1.6897418659715318,1.688319253723981,1.6890305598477564,0.18308336156576438,1.70739305967145,1.7059555866899334,0.8400753087460764,0.8400753087460764
88,1.0078627357770722,26.12881018730468,26.140063928954195,26.117556445655165,1.6592823615050423,0.007831985552210532,26.33425411797673,1.6432951710235268,1.6418802380410478,1.6425877045322872,0.18400981985539075,1.659997018425358,1.6585677045847265,0.8470774594461226,0.8470774594461226
89,1.0081208994315463,25.051437954469748,25.06247213370873,25.040403775230764,1.611737604398614,0.008088102369208953,25.254878162713617,1.596765514660213,1.5953595083574519,1.5960625115088325,0.18496187947094095,1.6124475118157238,1.6110276969815043,0.8537919412904174,0.8537919412904174
90,1.0083790630860205,24.00189007468157,24.012700291413864,23.991079857949273,1.5642185430350282,0.008344153607179178,24.203003425801057,1.5502757772936588,1.5488799478414115,1.5495778625675352,0.18593906144101682,1.564923051780559,1.5635140342894973,0.8602259201479292,0.8602259201479292
91,1.0086372267404948,22.981337077033913,22.99191931924652,22.970754834821307,1.5167037704409108,0.008600139299695575,23.179832096167996,1.5038425690791353,1.5024582543471063,1.503150411713121,0.18694088063964512,1.5174021687373103,1.5160053721445115,0.8663869091209087,0.8663869091209087
92,1.008895390394969,21.990701178975087,22.001051834754875,21.9803505231953,1.469418812186407,0.008856059480306731,22.186317051021174,1.457649546573373,1.4562780095380106,1.4569637780556917,0.18796684603466426,1.4701104430806426,1.4687271812921712,0.872282699986016,0.872282699986016
93,1.0091535540494432,21.030673680068503,21.04078954931535,21.020557810821657,1.4223804343539679,0.009111914182536145,21.22317908829521,1.4116968566666916,1.410339441747945,1.4110181492073184,0.1890164609261017,1.4230646071347397,1.421696261573196,0.877921299215668,0.877921299215668
94,1.0094117177039175,20.101732810339172,20.111611116271966,20.091854504406378,1.375715835095638,0.00936770343988093,20.29092464490966,1.366125285191184,1.364783274008527,1.3654542795998557,0.19008922317525953,1.3763918833758477,1.3750397868154285,0.8833108687408142,0.8833108687408142
95,1.0096698813583915,19.204161738472294,19.213800139037165,19.194523337907423,1.3295304842736415,0.009623427285812503,19.389863704070684,1.3210064819431862,1.319681143953864,1.3203438129485252,0.19118462542520095,1.3301977639781737,1.3288632045691093,0.888459671532484,0.888459671532484
96,1.0099280450128658,18.338066482797785,18.34746308210092,18.32866988349465,1.2838504499874914,0.009879085753777266,18.520127632287927,1.276378017205039,1.2750706307033373,1.275724323954188,0.19230215531329567,1.2845083071424428,1.2831925928325403,0.8933760220057678,0.8933760220057678
97,1.01018620866734,17.50339350517129,17.51254686507184,17.494240145270737,1.238848754780252,0.010134678877195318,17.68168672380153,1.2323908474459448,1.2311025691559017,1.2317467083009233,0.19344129567650134,1.2394966079243581,1.2382009016361457,0.8980682411862091,0.8980682411862091
98,1.0104443723218142,16.699946803845478,16.70885595585678,16.691037651834176,1.1945028962036817,0.010390206689461138,16.87436726601933,1.1890128754356195,1.187744913526242,1.1883788944809308,0.19460152474997328,1.1951401442144218,1.1938656481929413,0.9025446165250592,0.9025446165250592
99,1.0107025359762885,15.927404355449653,15.936068813109102,15.918739897790203,1.1509708175190196,0.01064566922394427,16.097867973572747,1.14640158386895,1.1451549843341904,1.1457782841015702,0.19578231635966686,1.1515969420081769,1.1503446930298624,0.9068133662051991,0.9068133662051991
100,1.0109606996307627,15.185333787959507,15.19375355983805,15.176914016080964,1.108280502482555,0.010901066513988032,15.351775670402205,1.1045747641962311,1.1033505416891725,1.1039626529427018,0.19698314010945694,1.1088950078427033,1.107665997122407,0.9108826077443233,0.9108826077443233
101,1.0112188632852368,14.47320719543427,14.481382798964702,14.465031591903838,1.0664956129498897,0.011156398592910203,14.635580128258752,1.06359091505803,1.062389994156926,1.062990454607478,0.19820346156339563,1.0670980533890189,1.0658931725107608,0.9147603306745893,0.9147603306745893
102,1.011477026939711,13.790415031469593,13.79834750777714,13.782482555162046,1.0257048470434547,0.011411665494003702,13.948687996295567,1.023539165808508,1.0223623292086113,1.0229507475085597,0.19944274242364188,1.0262948495473054,1.0251148445396039,0.9184543730578607,0.9184543730578607
103,1.0117351905941854,13.136279041368994,13.143969971286143,13.128588111451844,0.9858985381328801,0.011666867250535305,13.290435779617862,0.9843976158781427,0.9832456149087451,0.9838216153934439,0.2007004407045534,0.9864757545986937,0.9853213216670665,0.9219724015824635,0.9219724015824635
104,1.0119933542486594,12.51006421319039,12.517515734627636,12.502612691753143,0.9471853543429787,0.011922003895746323,12.660101844972658,0.9462809490684152,0.9451543305081308,0.9457176397882731,0.2019760109035111,0.9477495378557612,0.9466211708301961,0.9253218949795929,0.9253218949795929
105,1.0122515179031337,11.910989745015968,11.91820457183758,11.903774918194356,0.9095527991369924,0.012177075462853284,12.056917449121073,0.9091767398530332,0.9080759779574407,0.9086263589052369,0.20326890416889756,0.9101037412561082,0.9090018570178766,0.9285101304950434,0.9285101304950434
106,1.012509681557608,11.338239040305325,11.345220482819355,11.331257597791295,0.873060356757214,0.012432081985046656,11.480076800123584,0.8731384746216779,0.8720638783057065,0.8726011764636922,0.2045785684657296,0.8735979376522994,0.8725227758621287,0.9315441731533802,0.9315441731533802
107,1.012767845212082,10.790968755035578,10.797720742144138,10.784216767927019,0.8377240169452156,0.012687023495491516,10.928746173788287,0.8381933363316274,0.837145064990565,0.8376692006610962,0.2059044487393775,0.8382481869146917,0.8371998469757393,0.9344308675568342,0.9344308675568342
108,1.0130260088665564,10.26831692990163,10.27484403286297,10.261789826940289,0.8035505906027762,0.01294190002732824,10.40207211727514,0.8043376006257785,0.8033156884063479,0.8038266445160632,0.20724598707778186,0.8040613712375497,0.8030398099680027,0.9371768319691185,0.9371768319691185
109,1.0132841725210306,9.769410248197914,9.77571770581723,9.763102790578598,0.7705698151529243,0.013196711613671211,9.8991887793637,0.7716148830710164,0.7706191652485782,0.7711170241597973,0.20860262287260709,0.7710673207677282,0.7700723095381204,0.9397884544443702,0.9397884544443702
110,1.0135423361755047,9.293370465515864,9.299464210396376,9.28727672063535,0.7387603575709518,0.013451458287609512,9.419224412563386,0.7400038620503212,0.7390340438664119,0.7395189529583666,0.20997379297967117,0.7392447692452285,0.7382759458966752,0.9422718907734939,0.9422718907734939
111,1.013800499829979,8.839320061176977,8.8452067464164,8.833433375937554,0.7081411077790605,0.013706140082207594,8.96130709617838,0.7095267496046657,0.7085823373905442,0.7090545434976049,0.21135893187904203,0.7086127055691326,0.7076695099889883,0.9446330640330132,0.9446330640330132
112,1.0140586634844533,8.406387163722684,8.412074189123178,8.40070013832219,0.6786945859287407,0.013960757030504,8.524569731977488,0.6801732234688922,0.6792535543571755,0.6797133889130338,0.2127574718351501,0.6791537312517174,0.678235440605764,0.9468776655354141,0.9468776655354141
113,1.0143168271389276,7.99370980388187,7.999205340349075,7.988214267414666,0.6504102262861917,0.014215309165512256,8.108154365342799,0.651933475781102,0.6510377057544784,0.6514855907677901,0.21416884305725636,0.6508573720051247,0.6499630805672587,0.9490111569943718,0.9490111569943718
114,1.0145749907934016,7.600439548603731,7.605752558945654,7.595126538261808,0.6232702283058984,0.01446979652022047,7.711215885050436,0.6247996417113908,0.6239267321781616,0.6243631869447762,0.21559247386052635,0.6237059190508383,0.6228345375609584,0.9510387737324741,0.9510387737324741
115,1.014833154447876,7.225744568973255,7.230884822790252,7.220604315156258,0.5972539633687782,0.014724219127592225,7.332925154165736,0.5987505474011299,0.597899274047416,0.598324910724273,0.21702779082811796,0.5976788381945651,0.5968290885429914,0.9529655287735892,0.9529655287735892
116,1.0150913181023502,6.868812193481062,6.873790273302549,6.863834113659576,0.5723317656890713,0.014978577020565296,6.972471623278187,0.5737676668092937,0.5729366082140211,0.5733521375116574,0.21847421897445454,0.5727465554858686,0.5719169758922741,0.9547962176757334,0.9547962176757334
117,1.0153494817568243,6.528850996145479,6.5336782914842875,6.524023700806671,0.5484828879064254,0.01523287023205233,6.629065475403838,0.5498280339925673,0.5490155721028849,0.549421803047726,0.21993118191000216,0.5488884246371258,0.5480773511757251,0.9565354239742305,0.9565354239742305
118,1.0156076454112986,6.205092466702354,6.209781152362834,6.2004037810418735,0.5256675932144765,0.015487098794941524,6.301939349666964,0.5269039010604193,0.5261082251083246,0.526506063084372,0.2213981020078171,0.5260647976267733,0.5252703888021797,0.9581875251175695,0.9581875251175695
119,1.0158658090657728,5.8967923074905,5.901355302410146,5.892229312570854,0.5038571292678302,0.015741262742095346,5.990349688341663,0.5049638325998536,0.5041829450631153,0.5045733888314845,0.2228744005720283,0.5042470187876216,0.503467239748039,0.9597566987908,0.9597566987908
120,1.016123972720247,5.6032313988174565,5.60768230208747,5.598780495547443,0.4830162762320066,0.015995362106351215,5.69357774903722,0.48398394553249774,0.48321565460239185,0.4835998000674448,0.22435949800858163,0.4833999581773577,0.48263259428665545,0.9612469295329333,0.9612469295329333
121,1.0163821363747212,5.323716471787748,5.3280694734135565,5.319363470161939,0.4631016435023453,0.016249396920522175,5.410930321048924,0.4639206894873189,0.46316264850243255,0.4635416689948757,0.22585281399833387,0.4634803042025842,0.4627229828021064,0.9626620155654315,0.9626620155654315
122,1.0166403000291955,5.057580524568891,5.061850290064477,5.053310759073305,0.4440894005684525,0.016503367217395617,5.141740181919533,0.44475134133688893,0.4440010291693864,0.44437618525313766,0.2273537676728052,0.4444643145397262,0.44371448659717877,0.9640055757590673,0.9640055757590673
123,1.0168984636836695,4.804183015214676,4.808384545229911,4.7999814851994405,0.4259249629193299,0.016757273029733954,4.885366327426983,0.4264322294342659,0.425687002926453,0.4260596161803594,0.22886177779268724,0.4262974584113368,0.425552467427323,0.9652810566754244,0.9652810566754244
124,1.0171566273381438,4.562909861292496,4.567058329955427,4.558761392629566,0.40858380282471807,0.017011114390275313,4.641194005360234,0.4089299194181441,0.40818701979502603,0.4085584696065851,0.23037626292933486,0.40895527566852286,0.4082123299809132,0.9664917396280268,0.9664917396280268
125,1.0174147909926181,4.33317327381485,4.337283851984082,4.329062695645619,0.3920183261819829,0.017264891331732233,4.408634580713135,0.39221322802623515,0.3914698027915362,0.3918415154088857,0.23189664164936086,0.3923902065273363,0.39164644583662955,0.9676407477154667,0.9676407477154667
126,1.0176729546470922,4.11441145033649,4.118499122058215,4.110323778614766,0.376192606243093,0.017518603886792355,4.1871252572977635,0.37623549206887474,0.3754886534094212,0.37586207273914796,0.23342233270251647,0.3765663539581729,0.3758188585280131,0.9687310527861612,0.9687310527861612
127,1.0179311183015665,3.906088149585969,3.9101675313006523,3.9020087678712856,0.36107357500375775,0.017772252088119105,3.976128678292542,0.36097681290516015,0.3602236164253664,0.36060021466526326,0.23495275521297232,0.36145066760462025,0.3606964824028952,0.969765482300387,0.969765482300387
128,1.0181892819560407,3.7076921676509755,3.7117773397993874,3.7036069955025637,0.3466142661239473,0.018025835968350407,3.775132425894583,0.3463873876726505,0.3456249216197929,0.3460061546462217,0.23648732887413434,0.34699616917365733,0.3462323630742373,0.9707467260610709,0.9707467260610709
129,1.0184474456105148,3.518736733541573,3.5228410931197667,3.514632373963379,0.33279390417798427,0.018279355560099353,3.5836484380513016,0.3324403024199665,0.3316656693875088,0.33205298590373766,0.23802547414712275,0.3331820849234084,0.33240572343256014,0.9716773427897065,0.9716773427897065
130,1.018705609264989,3.338758839941306,3.342894980454246,3.3346226994283663,0.31956350373468717,0.0185328108959549,3.4012123582312763,0.31910081787306876,0.3183111754653748,0.3187059966692218,0.2395666124630123,0.3199593872403905,0.3191676202289838,0.9725597665282768,0.9725597665282768
131,1.0189637729194634,3.1673185230632726,3.17149814563387,3.163138900492675,0.3068976491173916,0.01878620200848058,3.2273828322982547,0.30633163833181853,0.3055242277196305,0.3059279330257245,0.24111016642894573,0.30730263406973346,0.30649266416504967,0.9733963128520031,0.9733963128520031
132,1.0192219365739374,3.0039981038347605,3.0082319604247663,2.9997642472447548,0.29476134414205163,0.019039528930215162,3.0617407648549007,0.2941105839114433,0.2932827075706122,0.2936966457410278,0.24265556003817748,0.29517678290607136,0.29434590537803185,0.9741891848811912,0.9741891848811912
133,1.0194801002284117,2.84840140105581,2.8526992682800696,2.84410353383155,0.28312261749198575,0.019292791693673365,2.9038885458391253,0.2823970538721938,0.2815461369490114,0.2819715954106026,0.24420221888420252,0.283549812696185,0.28269542228778655,0.9749404790834673,0.9749404790834673
134,1.019738263882886,2.7001529257794346,2.7045236059327444,2.6957822456261247,0.27195641076967514,0.019545990331344545,2.753449256752616,0.27116912958863293,0.27029267687046593,0.27073090322954946,0.2457495703789634,0.2723966208317676,0.2715162007075827,0.9756521908603197,0.9756521908603197
135,1.01999642753736,2.558897064860844,2.5633484096386163,2.5544457200830712,0.26122969793806955,0.019799124875693387,2.610065864593897,0.2603953224064566,0.2594909511128845,0.25994313675967057,0.2472970439752164,0.2616841216300905,0.2607752742460485,0.9763262199141325,0.9763262199141325
136,1.0202545911918344,2.4242972604844226,2.4288362124246348,2.4197583085442105,0.2509209829438792,0.020052195359160585,2.4734004104230185,0.25004944840200904,0.24911487535573493,0.24958216187887197,0.24884407139324533,0.2513907761086603,0.2504511897790982,0.9769643753939032,0.9769643753939032
137,1.0205127548463087,2.2960351914662738,2.300667838234008,2.2914025446985398,0.2410024637882087,0.020305201814161553,2.343133198467319,0.24010903504404163,0.2391420633442465,0.23962554919414406,0.25039008685170894,0.24148872780063935,0.24051619977577804,0.9775683808193403,0.9775683808193403
138,1.020770918500783,2.1738099611713437,2.1785415982739393,2.169078324068748,0.23145233870969734,0.020558144273087327,2.2189619907110236,0.23054732111604923,0.22954585641199118,0.2300465887640202,0.25193452730298505,0.23195613089617312,0.23094854652322158,0.9781398787846616,0.9781398787846616
139,1.021029082155257,2.057337296126576,2.0621724943188537,2.0525020979342985,0.222249189428601,0.020811022768304155,2.100601211147896,0.22134536267504304,0.2203073809345011,0.22082637180477208,0.25347683267275173,0.2227715242353357,0.2217268546218663,0.9786804354443737,0.9786804354443737
140,1.0212872458097313,1.946348758646053,1.9512914330262687,1.9414060842658374,0.21337328830435248,0.021063837332154386,1.987781163102817,0.21248078836613343,0.21140434911039752,0.21194256873826547,0.2550164461040787,0.21391514118700747,0.2128314354216975,0.9791915447844284,0.9791915447844284
141,1.0215454094642056,1.8405909761884232,1.8456444547025537,1.8355374976742926,0.20480566581615978,0.021316587996955186,1.8802472624265245,0.20393528319987397,0.20281851060665013,0.20337689690326205,0.2565528142058719,0.20536797490338426,0.20424335672893526,0.9796746326828707,0.9796746326828707
142,1.0218035731186796,1.7398248895997597,1.744991979309149,1.7346577998903703,0.19653119648680725,0.021569274794999243,1.7777592887938467,0.19569134796330906,0.19453242601722873,0.1951118869902689,0.2580853873057933,0.19711487265388095,0.1959475203197336,0.9801310607647711,0.9801310607647711
143,1.022061736773154,1.64382502191026,1.649108071910544,1.6385419719099759,0.1885328347425401,0.021821897758555402,1.680090656844768,0.18773357747315533,0.18653073832220285,0.1871321578976791,0.2596136197076362,0.18913875591989426,0.1879269135651859,0.9805621300567129,0.9805621300567129
144,1.0223199004276282,1.5523787689614608,1.5577797292646234,1.5469778086582981,0.1807985443930596,0.022074456919867418,1.5870277085106446,0.18004576174546544,0.17879729253807763,0.17942152714177154,0.2611369699531451,0.1814275698478394,0.1801695189382798,0.9809690844465013,0.9809690844465013
145,1.0225780640821023,1.4652857127503154,1.4708061887649526,1.4597652367356782,0.1733157647497087,0.02232695231115462,1.498369027471381,0.17261699095005145,0.17132120097372724,0.17196909596188933,0.26265490108826783,0.1739687333236419,0.17266279617577548,0.9813531139540461,0.9813531139540461
146,1.0228362277365766,1.3823569581003738,1.3879982605817376,1.37671565561901,0.16607235921428506,0.022579383964612586,1.4139247764087952,0.16543363598297262,0.1640888775525397,0.16476125676775616,0.26416688093386137,0.1667500889472832,0.16539462948128694,0.9817153578195725,0.9817153578195725
147,1.0230943913910509,1.3034144929831513,1.3091776834905287,1.2976513024757739,0.15906207066309846,0.022831751912411873,1.3335160574288722,0.1584861966790044,0.15709083811802507,0.15778851739851474,0.26567238236083385,0.1597653810993905,0.15835876022680642,0.9820569074154002,0.9820569074154002
148,1.023352555045525,1.2282905726221856,1.234176504631835,1.2224046406125362,0.1522712130341138,0.02308405618669868,1.2569742958312444,0.1517661595482652,0.15031857843954338,0.15104236899390427,0.267170883569624,0.15300089217268464,0.15154153389554298,0.9823788089876855,0.9823788089876855
149,1.0236107186999992,1.156827127296694,1.1628364831877644,1.1508177714056234,0.14569810426508245,0.023336296819595537,1.1841406471838243,0.145262946185437,0.1437615541083314,0.1445122501468842,0.2686618683740906,0.14645496044568498,0.14494124808447992,0.9826820662343878,0.9826820662343878
150,1.0238688823544735,1.0888751936380743,1.0950085178076119,1.0827418694685367,0.139333249520255,0.023588473843200022,1.114865427533726,0.13897345036546802,0.1374166237140057,0.13819503703973685,0.27014482648971805,0.1401180740730557,0.13854842496745426,0.9829676427258258,0.9829676427258258
151,1.0241270460089476,1.0242943690775093,1.030552097457888,1.0180366406971306,0.13317290698092274,0.023840587289585435,1.0490075664469483,0.13288785085183072,0.13127400507395243,0.1320809279628916,0.2716192538260296,0.1339865011045169,0.13235931285732858,0.9832364641740656,0.9832364641740656
152,1.0243852096634218,0.9629522889928097,0.9693347752476227,0.9565698027379967,0.12721379123029714,0.024092637190801472,0.9864340824557714,0.12700445457468018,0.125331958742854,0.12616820665876707,0.2730846527833134,0.12805696932253602,0.12637061313805825,0.9834894205572424,0.9834894205572424
153,1.0246433733178961,0.9047241260558678,0.9112316647233109,0.8982165873884248,0.12144961999324065,0.02434462357887295,0.9270195804439699,0.12131835787390315,0.11958557369728032,0.12045196578559174,0.2745405325533863,0.12232318805171362,0.12057605193476768,0.9837273681049061,0.9837273681049061
154,1.0249015369723702,0.8494921111777884,0.856124958018018,0.8428592643375589,0.11588206310829599,0.024596546485800484,0.870645770392019,0.11582540442991164,0.11403068472084066,0.11492804457537614,0.27598640942455493,0.11678687195350289,0.11497725426308908,0.9839511311501732,0.9839511311501732
155,1.0251597006268445,0.7971450754612874,0.8039034652481412,0.7903866856744337,0.11050467572546682,0.024848405943561167,0.8172010069160568,0.11052633712598534,0.10866795462036934,0.10959714587317734,0.27742180709043723,0.11144156123704124,0.1095677902138924,0.9841615038546014,0.9841615038546014
156,1.0254178642813188,0.7475780124779234,0.7544621744583875,0.7406938504974594,0.10531991200922669,0.025100201984107274,0.7665798489387853,0.10541482098592901,0.10349108583425036,0.10445295341008969,0.27884625696292686,0.10628976307752726,0.10435006094092611,0.984359251811143,0.984359251811143
157,1.0256760279357928,0.7006916602442033,0.7077018314712423,0.6936814890171642,0.10032531269106434,0.025351934639366958,0.7186826388870104,0.10049441433686507,0.09850351076551812,0.09949896255119159,0.28025929848861664,0.10132903181642897,0.09932159356569972,0.9845451135308969,0.9845451135308969
158,1.025934191590267,0.6563921021755625,0.6635285389034886,0.6492556654476365,0.09552050172106191,0.025603603941244918,0.6734151007117217,0.09576220869609607,0.09370230952607546,0.09473225911108576,0.2816604794692964,0.09655902125000315,0.09448198219212069,0.9847198018185765,0.9847198018185765
159,1.0261923552447414,0.6145903863914413,0.6218533737067531,0.6073273990761294,0.09090731388025851,0.025855209921621113,0.6306879561218087,0.09121882811309043,0.08908803259274513,0.09015343035291778,0.2830493563857978,0.09198162073926762,0.08983300702124938,0.9848840050421601,0.9848840050421601
160,1.0264505188992157,0.5752021626749109,0.5825920225213419,0.5678123028284798,0.08648314891725636,0.026106752612351666,0.5904165583496134,0.08686588250918792,0.08466219048332971,0.08576403649625881,0.28442549472543105,0.08759423366458155,0.08537206416993119,0.9850383883013323,0.9850383883013323
161,1.0267086825536897,0.5381473364612557,0.5456644342042762,0.5306302387182351,0.08225218706694122,0.02635823204526845,0.5525205428379131,0.08270159059911532,0.08042298894920795,0.08156228977416163,0.2857884693126669,0.08340112470514492,0.08110324942873752,0.9851835944998015,0.9851835944998015
162,1.026966846208164,0.503349739207402,0.5109944888717766,0.49570498954302744,0.07821293713311163,0.026609648252179978,0.5169234942135275,0.07873020055234893,0.07637450910222163,0.07755235482728527,0.28713786464309465,0.07940081561664798,0.07702505864957529,0.9853202453258616,0.9853202453258616
163,1.0272250098626383,0.470736814558665,0.47850968286179557,0.46296394625553444,0.07436827309621169,0.026861001264870128,0.4835526289777316,0.07495073189431949,0.07251574598242079,0.07373323893837014,0.28847327522033156,0.07559625181984318,0.07314029437258021,0.9854489421459447,0.9854489421459447
164,1.0274831735171124,0.44023931971344954,0.44814082900796676,0.4323378104189323,0.07071943628792156,0.027112291115098813,0.4523384933261898,0.07136639022805041,0.06884976081514299,0.0701080755215967,0.2897943058958358,0.07198872382792536,0.06945014874791776,0.985570266815313,0.985570266815313
165,1.0277413371715867,0.4117910414569934,0.4198217716873866,0.4037603112266002,0.06726740237551962,0.027363517834602665,0.4232146755822907,0.06797892989326701,0.0653782050898371,0.06667856749155206,0.29110057221135727,0.06857924820845897,0.06595555654258028,0.9856847824102961,0.9856847824102961
166,1.027999500826061,0.38532852632638637,0.39348911609707016,0.3771679365557026,0.06401578773038057,0.027614681455093753,0.3961175327175669,0.06478955441836547,0.06210220702600077,0.06344588072218312,0.2923917007439646,0.06537153106839731,0.06266004439236382,0.9857930338859746,0.9857930338859746
167,1.028257664480535,0.36079082444834043,0.36908197129339226,0.3524996776032886,0.060964293987494374,0.027865782008260252,0.37098593051325723,0.061802289077159615,0.059025605879639,0.06041394747839931,0.2936673294532366,0.062365282813992645,0.059563305160996095,0.9858955486636258,0.9858955486636258
168,1.0285158281350093,0.338119246571587,0.34654170651050153,0.32969678663267243,0.05811752970885929,0.028116819525767122,0.3477609968959612,0.05901750837905271,0.0561487477613343,0.0575831280701935,0.2949271080306495,0.059565221819512064,0.05666983759820653,0.9859928371514917,0.9859928371514917
169,1.0287739917894836,0.31725713390162724,0.3258117203594003,0.30870254744385417,0.05547659285137832,0.02836779403925484,0.3263858880676678,0.05643969839184767,0.05347591133709651,0.05495780486447209,0.2961706982506297,0.056972475084485,0.053980710618271636,0.9860853932029547,0.9860853932029547
170,1.0290321554439577,0.2981496403325963,0.30683722249738365,0.2894620581678089,0.05304458846912966,0.02861870558034006,0.3068055670362923,0.054070783379800307,0.05100893599698847,0.052539859688394384,0.29739777432341025,0.054590219113556486,0.05149895782470284,0.9861736945156583,0.9861736945156583
171,1.029290319098432,0.28074352674424574,0.2895650274306891,0.27192202605780236,0.05082464138132412,0.028869554180616288,0.28896659422740384,0.05191366546321494,0.048750600920628495,0.05033213319192172,0.2986080232489899,0.05242164920562929,0.049227633557018945,0.9862582029753533,0.9862582029753533
172,1.0295484827529062,0.2649869670391283,0.27394336012076903,0.2560305739574875,0.04881851607677542,0.029120339871652624,0.2728169298644289,0.049972255153572044,0.04670463691209231,0.048338446032832175,0.2998011451723692,0.05046855126353023,0.04716848089002061,0.9863393649480114,0.9863393649480114
173,1.0298066464073803,0.2508293656328604,0.2599216731026656,0.2417370581630552,0.04703092686163854,0.02937106268499441,0.2583057478428666,0.04824804953098246,0.044872524158915406,0.04656028684494893,0.3009768537393458,0.048735749765994346,0.04532610395728273,0.9864176115236756,0.9864176115236756
174,1.0300648100618546,0.23822118615735377,0.24745047487065913,0.2289918974440484,0.04546317452270344,0.02962172265216392,0.2453832608718843,0.04674612517102024,0.04325909621577444,0.04500261069339734,0.3021348764528691,0.047224532403006586,0.04370181664240029,0.9864933587158049,0.9864933587158049
175,1.0303229737163289,0.2271137911249852,0.23648116927562474,0.21774641297434566,0.04412008183220413,0.029872319804659087,0.23400055664388392,0.04546850779630503,0.04186635454428968,0.04366743117029735,0.30327495502956664,0.045939828173948635,0.042300335490459626,0.9865670076189521,0.9865670076189521
176,1.030581137370803,0.21745929239320105,0.2269659057686333,0.20795267901776882,0.043004207977982066,0.03012285417395416,0.22410944488643514,0.04441923634303735,0.04069817960621038,0.04255870797462387,0.30439684575589737,0.0448842121583697,0.04112420379759444,0.9866389445289658,0.9866389445289658
177,1.0308393010252772,0.20921041222451464,0.21885744028239726,0.19956338416663202,0.042118778383988226,0.030373325791500396,0.21566231510472877,0.04360191938327031,0.03975805701217434,0.04167998819772232,0.30550031984398074,0.04406094288963448,0.04017661387834196,0.9867095410284699,0.9867095410284699
178,1.0310974646797515,0.20232035482044353,0.21210900662490167,0.19253170301598538,0.0414681497726486,0.030623734688724768,0.20861200490846707,0.04301885843541444,0.039048290349220666,0.04103357439231755,0.3065851637861747,0.04347445941687507,0.039461840128422125,0.9867791540412423,0.9867791540412423
179,1.0313556283342256,0.1967426881823684,0.20667419823449912,0.18681117813023768,0.0410534777586136,0.030874080897030646,0.20291167879049118,0.04267508417813751,0.038573672089824394,0.04062437813398095,0.3076511797085598,0.04312584461911243,0.03898111089811476,0.9868481258587072,0.9868481258587072
180,1.0316137919886998,0.19243123621291858,0.2025068602061698,0.18235561221966737,0.04088026979596555,0.03112436444779848,0.19851471728668216,0.04257184253295178,0.03833556256075504,0.04045370254685341,0.30869818572254076,0.04302074467578738,0.03873979491614372,0.986916784142041,0.986916784142041
181,1.0318719556431741,0.18933998094868798,0.19956099147655684,0.17911897042081912,0.04094933245576715,0.03137458537238451,0.195374616422964,0.04271383194557064,0.03833844251930008,0.04052613723243536,0.30972601627425506,0.04315987222683128,0.03873879268470303,0.9869854419027879,0.9869854419027879
182,1.0321301192976482,0.18742297486413406,0.19779065710367855,0.17705529262458958,0.04126461097824127,0.03162474370212143,0.1934448974056388,0.04310323541234659,0.03858451188116135,0.040843873646753966,0.31073452249135647,0.04354724668323399,0.03898197527324856,0.9870543974657333,0.9870543974657333
183,1.0323882829521225,0.18663426317135645,0.19714991056304473,0.17611861577966817,0.04182812564313786,0.031874839468319094,0.19267902649551125,0.043742069157325786,0.03907581113947911,0.04140894014840245,0.3117235725265414,0.044184873074420775,0.03947137821185496,0.9871239344170006,0.9871239344170006
184,1.0326464466065968,0.18692781605930975,0.1975927260006757,0.1762629061179438,0.04264058750168076,0.03212487270226322,0.19303034502557775,0.044634296078421724,0.039816094947161415,0.04222519551279157,0.31269305189764235,0.045073387687010434,0.040207787316351086,0.987194321540481,0.987194321540481
185,1.0329046102610708,0.1882574708256186,0.19907294039282256,0.17744200125841467,0.04370570364640484,0.032374843435216044,0.1944520095318705,0.04577822204440393,0.04080403553382173,0.04329112878911283,0.31364286382336215,0.04621661439872649,0.04119479289408318,0.9872658127462577,0.9872658127462577
186,1.0331627739155451,0.19057688384317828,0.20154420555219932,0.17960956213415724,0.045020159594834006,0.03262475169841704,0.1968969419555987,0.047178452119579176,0.04204388364402893,0.044611167881804054,0.3145729295542869,0.04761098049457288,0.042429338695095124,0.9873386469938645,0.9873386469938645
187,1.0334209375700194,0.19383949230831377,0.20495994992500305,0.18271903469162448,0.04658784076030436,0.032874597523081604,0.20031778987935417,0.04883323289329761,0.043534169375039136,0.04618370113416837,0.3154831886988805,0.04926055777198533,0.043915123748623386,0.9874130482134778,0.9874130482134778
188,1.0336791012244937,0.19799848571825862,0.20927335012375542,0.18672362131276182,0.048405295129913845,0.03312438094040195,0.2046668967610603,0.05074299001953275,0.045275305465705136,0.04800914774261895,0.3163735995431617,0.05116169570094864,0.04564889455887904,0.9874892252286309,0.9874892252286309
189,1.0339372648789678,0.2030067870010015,0.2144373121174985,0.1915762618845045,0.05047164139392156,0.03337410198154673,0.20989628210368266,0.05290781292405543,0.04726733852605544,0.050087575725055435,0.31724413936421114,0.053313503841708604,0.04762977894613451,0.9875673716830073,0.9875673716830073
190,1.034195428533442,0.20881704322243877,0.22040446200215885,0.1972296244427187,0.05278517667142341,0.033623760677661874,0.21595763150051636,0.055322404765786794,0.04950542750408258,0.052413916134934686,0.318094804736554,0.05571426683578203,0.049856086507064794,0.9876476659746258,0.9876476659746258
191,1.0344535921879163,0.2153816257731762,0.22712714625167257,0.20363610529467985,0.055338854627249814,0.03387335705986935,0.22280229647233563,0.057988235888495,0.0519906964188141,0.05498946615365455,0.3189256118303335,0.058356677749104274,0.052321031505395355,0.9877302712006413,0.9877302712006413
192,1.0347117558423904,0.22265263990801998,0.23455744132212977,0.21074783849391018,0.05813260005892903,0.03412289115926785,0.23038130398217083,0.06089686699002413,0.05471530989107826,0.0578060884405512,0.3197365967015312,0.061240836546371136,0.05502436357148691,0.9878153351151564,0.9878153351151564
193,1.0349699194968647,0.23058194352300632,0.2426471724926961,0.21851671455331653,0.06115476199052297,0.0343723630069334,0.23864537552543644,0.06404637089563378,0.05767717135710006,0.06086177112636692,0.32052781557236,0.06435469254331981,0.05795483143772614,0.9879029901030025,0.9879029901030025
194,1.035228083151339,0.23912117496270469,0.2513479417343034,0.22689440819110596,0.06440291816205335,0.03462177263391817,0.24754495559753673,0.06742986783910557,0.060869644892223566,0.06414975636566457,0.3212993451022115,0.0676959743286626,0.06110986199544409,0.987993353172931,0.987993353172931
195,1.035486246805813,0.2482217896972827,0.2606111644465391,0.23583241494802634,0.06786634688054838,0.03487112007125106,0.2570302493890611,0.0710374836585997,0.06428328332984817,0.06766038349422394,0.32205128264747357,0.07125372719631985,0.06447896656477692,0.9880865259717293,0.9880865259717293
196,1.0357444104602873,0.2578351055995398,0.2703881147912429,0.24528209640783674,0.07153476971840479,0.03512040534993844,0.2670512694451613,0.07486578082726428,0.06791435964076535,0.07139007023401481,0.3227837465100821,0.0750175251783855,0.06805201425842408,0.9881825948228831,0.9881825948228831
197,1.0360025741147616,0.26791235659901247,0.28062997940125717,0.25519473379676777,0.07540114424866128,0.035369628500962834,0.27755789107372886,0.07889672247389226,0.0717458203578951,0.07532127141589368,0.32349687617340694,0.07898038681733215,0.07182190167999039,0.988281630790999,0.988281630790999
198,1.0362607377692357,0.27840475434737755,0.2912879190970426,0.2655215895977125,0.07944574919832023,0.03561878955528363,0.28849991613847625,0.08312677467824556,0.07577366551664423,0.0794502200974449,0.3241908325249843,0.08312209688850891,0.07576940150813154,0.9883836897755862,0.9883836897755862
199,1.03651890142371,0.2892635575764757,0.30231313829417666,0.27621397685877475,0.08366392273679486,0.0358678885438377,0.29982714492108264,0.08753923522868552,0.07998183747529422,0.08376053635198986,0.32486579806552224,0.08743826307216412,0.0798895824014256,0.9884888126351306,0.9884888126351306
