moneyness,3,10,17,24,59,87,115,206,304
-0.7558344875240579,,,,,,,,,107.68
-0.7537636709896874,,,,,,,137.74,,
-0.7505132669767925,,,,,,,130.41,,
-0.7505033075984425,,,,,,,130.42,,
-0.7504135335765554,,,,,,,130.38,,
-0.7468928460317543,,,,,,,129.0,,
-0.746827271006849,,,,,,,128.98,,
-0.7126890275323948,,,,,,,131.08,,
-0.7074349758560714,,,,,,,124.61,,
-0.7074332028206782,,,,,,,124.61,,
-0.7073988995272611,,,,,,,124.60000000000001,,
-0.7073842218646271,,,,,,,124.61,,
-0.7073406082883649,,,,,,,124.58,,
-0.7073116069345406,,,,,,,124.58,,
-0.69451601255417,,,,186.25,,,,,
-0.6944867071166266,,,,186.23,,,,,
-0.694422165556774,,,,186.25,,,,,
-0.6943939628546049,,,,186.26,,,,,
-0.6943897288870163,,,,186.17,,,,,
-0.694345016010208,,,,186.17,,,,,
-0.6943285100410028,,,,186.16999999999996,,,,,
-0.6942991063140074,,,,186.17,,,,,
-0.6941355383306285,,,,186.14,,,,,
-0.6940440160516748,,,,186.01,,,,,
-0.6934914127532501,,,,185.83,,,,,
-0.6934463739610898,,,,185.8,,,,,
-0.6933701725222061,,,,185.77,,,,,
-0.6932995772032439,,,,185.73,,,,,
-0.6831128961009577,,,,182.81,,,,,
-0.6716065255067316,,,,,,,122.42,,
-0.6715464598558951,,,,,,,122.40000000000002,,
-0.6715184756486381,,,,,,,122.40000000000002,,
-0.6714431980733429,,,,,,,123.87,,
-0.6648641243957343,,,,189.72,,,,,
-0.6430394477106335,,,,179.48,,,,,
-0.6428381592551033,,,,179.37999999999997,,,,,
-0.642830355133778,,,,179.37999999999997,,,,,
-0.6428262278163572,,,,179.37999999999997,,,,,
-0.6428199991385659,,,,179.39,,,,,
-0.6428149710112833,,,,179.37999999999997,,,,,
-0.6428103930409379,,,,179.37999999999997,,,,,
-0.6428100928420614,,,,179.39,,,,,
-0.6427960579813439,,,,179.37999999999997,,,,,
-0.6420572611527061,,,,179.08,,,,,
-0.6379040437669405,,,,192.92000000000002,,,,,
-0.637495602116784,,,,192.80000000000004,,,,,
-0.6339247617765387,,,,,,,,,95.38999999999999
-0.6269430051813472,,,,,,,117.34000000000002,,
-0.626911224976884,,,,,,,117.33,,
-0.6243775623188925,,,,,,,119.35000000000001,,
-0.6237970125720769,,,,,,,,,95.62
-0.6207725621364157,,,,,,,115.7,,
-0.6206114226312874,,,,,,,115.69,,
-0.6206006271471634,,,,,,,115.69,,
-0.5992782199297375,,,,,,,,104.13,
-0.5984908878510771,,,,,,,,,97.22
-0.5976711597410451,,,,180.7,,,,,
-0.5972173356853155,,,,,139.33,,,,
-0.5954150818738269,,,,,,,114.24,,
-0.5949137368802686,,,,,131.92,,,,
-0.5930879477329607,,,,,135.85333333333332,,,,
-0.5916634833432388,,,,,130.88,,,,
-0.5901723325341695,,,,,,,116.1,,
-0.5900017834922417,,,,,,,116.03000000000002,,
-0.5894629929625747,,,,,,,113.95,,
-0.5887950770546625,,,,,,,,101.68,
-0.5887508553982208,,,,,,,112.3,,
-0.5882318304206912,,,,,,,116.67000000000002,,
-0.5882055480242926,,,,,129.51,,,,
-0.5881762943155768,,,,,129.5,,,,
-0.5881745983209467,,,,,129.48,,,,
-0.5881742591203444,,,,,129.5,,,,
-0.5881613690833976,,,,,129.52,,,,
-0.5881142966351409,,,,,129.48,,,,
-0.5880659407564675,,,,,129.49,,,,
-0.5877643512626984,,,,,129.46,,,,
-0.5876695889210117,,,,,,,116.58000000000001,,
-0.587173906088256,,,,176.46,,,,,
-0.5826863232536779,,,,,,,,101.08,
-0.5823806391664317,,,,,,,,101.54,
-0.5821906246918656,,,,,,,,100.84,
-0.5817524447092416,,,,,,,112.86,,
-0.5814637843751641,,,,,,,112.78,,
-0.5807446938524385,,,,,,,112.62,,
-0.5807439907512124,,,,,,,112.63,,
-0.5802448096221322,,,,,,,,102.52,
-0.5595753425452822,,,,,,,112.34000000000002,,
-0.5591006535130358,,,,161.42,,,,,
-0.5589844293438931,,,,,,,112.19000000000001,,
-0.5589739971068695,,,,,,,112.19000000000001,,
-0.5589484448822883,,,,,,,112.19000000000001,,
-0.5581661243155842,,,,163.89,,,,,
-0.5547137396314081,,,,,,,112.13,,
-0.5546853477512723,,,,,,,112.13,,
-0.5528332586361617,,,,,,,,,97.02
-0.5458949522921366,,,,164.14,,,,,
-0.5458912966970817,,,,164.13999999999996,,,,,
-0.5458626122932101,,,,164.11999999999998,,,,,
-0.5452234926794419,,,,,,,,,93.03
-0.537556896266865,,,,,,,108.73,,
-0.5372341410140125,,,,,,,108.67,,
-0.5369542110857372,,,,,,,108.57,,
-0.5367953947355955,,,,,,,108.57,,
-0.5219062553785546,,,,153.71,,,,,
-0.5157487583495508,,,,151.92,,,,,
-0.5128385315491857,,,,150.41,,,,,
-0.5125320890985723,,,,151.29,,,,,
-0.5125005027338565,,,,151.28,,,,,
-0.51241136552854,,,,151.24,,,,,
-0.5122343811351769,,,,146.73,,,,,
-0.5122211963059697,,,,146.73,,,,,
-0.512015103132558,,,,146.71,,,,,
-0.5119883121200752,,,,146.7,,,,,
-0.5119757094043094,,,,146.64,,,,,
-0.5119347212689698,,,,146.62,,,,,
-0.511910601545779,,,,146.64,,,,,
-0.5119079214293777,,,,146.61,,,,,
-0.5119060354038958,,,,146.62,,,,,
-0.5119015684432975,,,,146.45,,,,,
-0.5119008735754115,,,,146.62,,,,,
-0.5118939247877349,,,,146.45,,,,,
-0.511856199344911,,,,158.73,,,,,
-0.5118442848356054,,,,146.46,,,,,
-0.51180357254009,,,,150.06,,,,,
-0.5117719910100949,,,,158.70999999999998,,,,,
-0.5117566953414672,,,,146.46,,,,,
-0.5117186506589051,,,,146.39,,,,,
-0.511638767335552,,,,146.41,,,,,
-0.5115990146510121,,,,146.41,,,,,
-0.5115806268455638,,,,146.43,,,,,
-0.5114735525012248,,,,,,,109.82,,
-0.511382746110403,,,,,,,109.8,,
-0.5111289458514199,,,,146.38,,,,,
-0.5110597271102102,,,,,,,109.72000000000001,,
-0.5107972150500791,,,,,,,110.39000000000001,,
-0.5107644061536053,,,,,,,110.38,,
-0.5105630686390432,,,,146.4,,,,,
-0.5103908325579488,,,,158.07999999999998,,,,,
-0.5100241905140275,,,,145.77,,,,,
-0.5089928973776743,,,,145.38,,,,,
-0.5088950363407442,,,,145.33,,,,,
-0.5087738114219504,,,,145.31,,,,,
-0.5077451178058231,,,,,,,108.1,,
-0.5076510008737143,,,,,,,108.08,,
-0.5076077677336601,,,,,,,108.0,,
-0.5075604854222515,,,,,,,108.06,,
-0.5075466425145654,,,,,,,107.99,,
-0.5074672075771245,,,,,,,108.04000000000002,,
-0.5074411279269797,,,,,,,107.98,,
-0.5074216169254858,,,,,,,108.02,,
-0.5072663837007005,,,,,,,107.94,,
-0.5071436448329247,,,,153.1,,,,,
-0.5071273492569535,,,,,,,107.9,,
-0.5070782535864677,,,,,,,107.89,,
-0.5069122681871301,,,,,,,107.86000000000001,,
-0.5068709316851865,,,,,,,107.85,,
-0.5067501245455935,,,,,,,107.83000000000001,,
-0.5065493240959367,,,,,,,107.77000000000001,,
-0.5063660271227186,,,,,,,107.73,,
-0.5062729055942365,,,,,,,107.62,,
-0.5062694522121289,,,,,,,107.61,,
-0.5062557397770251,,,,,,,107.61,,
-0.5061929575708644,,,,,,,107.6,,
-0.5061790376705149,,,,,,,107.6,,
-0.5061722298422591,,,,,,,107.59,,
-0.5061507890372883,,,,,,,107.64,,
-0.5061456063832326,,,,,,,107.6,,
-0.5061332082204127,,,,,,,107.59,,
-0.5060922492085642,,,,,,,107.57,,
-0.5060899113925301,,,,,,,107.58,,
-0.5060297304239583,,,,,,,107.56,,
-0.5060006512558081,,,,,,,107.6,,
-0.5059775684998125,,,,,,,107.56,,
-0.5059743143695399,,,,,,,107.56,,
-0.5058646658028907,,,,,,,107.56,,
-0.5057573095404901,,,,,,,107.54,,
-0.5057039702269025,,,,,,,107.53,,
-0.5056519431277278,,,,,,,107.52,,
-0.5056223102763818,,,,,,,107.51,,
-0.5051719836624282,,,,,,,108.17,,
-0.5050919848409675,,,,,,,108.13,,92.79999999999998
-0.5049006583170914,,,,,,,108.05,,
-0.5047857300706692,,,,155.85,,,,,
-0.5047845038817673,,,,155.85,,,,,
-0.5021241664988065,,,,,,,107.29,,
-0.5019844880618418,,,,,,,107.26,,
-0.5017910611352189,,,,,,,107.19000000000001,,
-0.501675305332884,,,,,,,107.19000000000001,,
-0.4979870325867075,,,,,,,106.98,,
-0.49796802558354947,,,,,,,107.01999999999998,,
-0.49741198584460855,,,,,,,106.9,,
-0.4973305108441517,,,,,,,106.88,,
-0.4973260889644855,,,,,,,106.88,,
-0.49722720805240905,,,,,,,106.85,,
-0.49713102774893847,,,,,,,106.82,,
-0.4969843161805684,,,,,,,106.77,,
-0.4969713483263818,,,,,,,106.77,,
-0.4969353932990537,,,,,,,106.75,,
-0.49692105203031134,,,,,,,106.74,,
-0.4969146192838496,,,,,,,106.73000000000002,,
-0.49688234761404837,,,,,,,106.73000000000002,,
-0.49687285515849977,,,,,,,106.74,,
-0.49684912245245805,,,,,,,106.75,,
-0.4968389958164259,,,,,,,106.73000000000002,,
-0.4968385738644119,,,,,,,106.77,,
-0.49681895231416107,,,,,,,106.76000000000002,,
-0.49666023580209606,,,,,,,106.73000000000002,,
-0.4964594807238395,,,,,,,106.66,,
-0.4964394069734749,,,,,,,106.66,,
-0.4962719929746734,,,,,,,106.62,,
-0.49613631024398974,,,,,,,106.6,,
-0.495925926314872,,,,,,,106.6,,
-0.49582797650558375,,,,,,,106.52000000000001,,
-0.49570169746808634,,,,,,,106.47,,
-0.49568463647372607,,,,146.1,,,,,
-0.49511640827495795,,,,,,,106.4,,
-0.4950813560684173,,,,,,,106.6,,
-0.4948897575849669,,,,,,,106.34,,
-0.494869771112865,,,,,,,106.33,,
-0.4948423402944059,,,,,,,106.57,,
-0.4948177776149969,,,,,,,106.56,,
-0.4947972537178712,,,,,,,106.33,,
-0.4947341828114885,,,,,,,106.54,,
-0.49470173717331933,,,,,,,106.31,,
-0.4946936517100199,,,,,,,106.53,,
-0.4946889705340506,,,,,,,106.29,,
-0.4946884385767478,,,,,117.23,,,,
-0.49460405597091617,,,,,,,106.53,,
-0.4945369979962604,,,,,,,106.31,,
-0.49447726948637416,,,,,,,106.24,,
-0.4944697092568916,,,,,,,106.26,,
-0.49440549143048906,,,,,,,106.49000000000001,,
-0.49435883541569703,,,,,,,106.48,,
-0.494311211836826,,,,,,,106.47,,
-0.49414419209031213,,,,,,,106.42,,
-0.4941430192579752,,,,145.08,,,,,
-0.494125319491478,,,,,,,106.16,,
-0.49410825830326444,,,,,,,106.39,,
-0.49409492844921343,,,,145.08,,,,,
-0.4940625073123779,,,,145.0,,,,,
-0.4940410686864547,,,,,,,106.13999999999999,,
-0.49404032203490233,,,,145.04,,,,,
-0.493958176908426,,,,,,,106.34,,
-0.49393342145920494,,,,,,,106.11,,
-0.49385230905631083,,,,,,,106.31,,
-0.49385124161453864,,,,,,,106.08,,
-0.49383341467149156,,,,,,,106.08,,
-0.4937970096480181,,,,,,,106.06000000000002,,
-0.49377117064784004,,,,,,,106.06000000000002,,
-0.4937286693649523,,,,,,,106.29,,
-0.49371980513275304,,,,,,,106.3,,
-0.49371521269762253,,,,,,,106.04,,
-0.4936519781434877,,,,,,,106.28,,
-0.4935924676943645,,,,,,,106.01,,
-0.4935461958672104,,,,,,,106.27,,
-0.4934688079147187,,,,,,,106.25,,
-0.4933427346403684,,,,,,,105.94000000000001,,
-0.4932356460580385,,,,,,,106.23,,
-0.49312037630743255,,,,,,,106.11,,
-0.49300301916702083,,,,,,,106.08,,
-0.49287842837953744,,,,,,,106.05,,
-0.4913202274815942,,,,,,,105.75,,
-0.4912380594632476,,,,,,,105.72999999999999,,
-0.4910665209985954,,,,,,,105.68,,
-0.468914981050478,,,,,,,,96.75,
-0.46866622552339443,,,,,,,,96.71999999999998,
-0.43909795733498613,,,,141.87,,,,,
-0.43741209563994377,,,,139.39,,,,,
-0.43692323594585536,,,,144.1,,,,,
-0.43610404283192583,,,,146.23,,,,,
-0.4360454378190749,,,,,,,105.62999999999998,,
-0.4356862730081288,,,,138.79,,,,,
-0.4318282124483598,,,,,117.57,,,,
-0.42964032915456607,,,,,,,104.46,,
-0.4295095942223992,,,,,116.95,,,,
-0.42903798610278454,,,,,,,104.27,,
-0.428994089477034,,,,141.67,,,,,
-0.4289664905300211,,,,141.65,,,,,
-0.428966024702114,,,,141.65000000000003,,,,,
-0.4288907835210515,,,,141.5,,,,,
-0.42886748501797034,,,,136.73,,,,,
-0.42858099109361847,,,,136.62,,,,,
-0.4284694861899857,,,,,113.1,,,,
-0.42846936953027326,,,,136.59,,,,,
-0.4284406697940488,,,,,115.12,,,,
-0.4279024246721166,,,,,112.77,,,,
-0.4259647226620312,,,,,,,104.35,,
-0.42521893000398236,,,,,,,103.77,,
-0.42516653746600275,,,,,,,103.75,,
-0.4250822645681075,,,,,,,103.74,,
-0.42505971678852317,,,,,,,103.73,,
-0.4250294929068148,,,,,,,104.26,,
-0.4249419910233444,,,,,,,103.65000000000002,,
-0.4248600150358025,,,,,,,103.63,,
-0.42484890986273194,,,,,,,103.62000000000002,,
-0.4248093294283365,,,,,,,103.62000000000002,,
-0.424075692908932,,,146.52,,,,,,
-0.42367691657270545,,,,,,,104.0,,
-0.4236267340858709,,,,,,,103.99000000000001,,
-0.4227006476061663,,,,,,,103.92,,
-0.4226563663063906,,,,132.3,,,,,
-0.4226073156477954,,,,132.29,,,,,
-0.4225601620131203,,,,132.28,,,,,
-0.4215964722342551,,,136.7,,,,,,
-0.4215615812771053,,,136.66,,,,,,
-0.421307180275834,,,,,,,,,89.19
-0.41622141387420697,,,,,111.00000000000001,,,,
-0.41613218433707855,,,,,110.98,,,,
-0.41594389723950054,,,,,110.93,,,,
-0.4157881581094237,,,,,110.87,,,,
-0.41562477433724543,,,,,110.85000000000001,,,,
-0.4155268222047205,,,,,110.81,,,,
-0.415480091251908,,,,,110.78,,,,
-0.4153740342970823,,,,,,,103.58999999999999,,
-0.4152295933924286,,,,,,,103.56,,
-0.4151089067215685,,,,,110.7,,,,
-0.4146654321681901,,,,,110.56,,,,
-0.41454463490794335,,,,,110.49,,,,
-0.41453386231592837,,,,,110.5,,,,
-0.41444766730589466,,,,,110.49,,,,
-0.4143233499867699,,,,,110.46,,,,
-0.4142799796085759,,,,,110.42000000000002,,,,
-0.41409368349047826,,,,,110.41,,,,
-0.41387463406414093,,,,,110.36000000000001,,,,
-0.4138541434650599,,,,,110.29500000000002,,,,
-0.41381659409855676,,,,,110.33000000000001,,,,
-0.41375400112894223,,,,,110.27000000000001,,,,
-0.41367936302125996,,,,,110.26,,,,
-0.41363577441646815,,,,,110.27000000000001,,,,
-0.4126568258716278,,,,,111.92,,,,
-0.41133557446289626,,,,,110.6,,,,
-0.4105663972744591,,,,,,,103.42,,
-0.39376144148979486,,,,,,105.72,,,
-0.38890221987379614,,,,,,106.25,,,
-0.3888242853522369,,,,,,106.23,,,
-0.3887987593429749,,,,,,106.22,,,
-0.38877547278217184,,,,,,106.21,,,
-0.3887460818623848,,,,,,106.21,,,
-0.38859584514192524,,,,,,105.81000000000002,,,
-0.3883088697660648,,,,,,103.9,,,
-0.388260224312741,,,,,,106.11,,,
-0.3882058320298718,,,,,,106.11,,,
-0.3881859939051089,,,,,,106.09000000000002,,,
-0.3881807534309293,,,,,,103.89,,,
-0.38807567545736754,,,,,,103.9,,,
-0.38667903666902925,,,,,,104.07,,,
-0.385015156301473,,,,,,103.12,,,
-0.38250119537476923,,,,,,103.43,,,
-0.38244132472099723,,,,,,104.69000000000001,,,
-0.37322596833454025,,,,,,103.79,,,
-0.3731983369698276,,,,,,103.79,,,
-0.37287509176927824,,,,,,103.29,,,
-0.37279917845055055,,,,,,103.24,,,
-0.37275472326147474,,,,,,103.27,,,
-0.3727221974795978,,,,,,103.22,,,
-0.37269543987223064,,,,,,103.19,,,
-0.3726495268940966,,,,,,103.23,,,
-0.37256279862089303,,,,,,103.2,,,
-0.37253589617560634,,,,,,103.23,,,
-0.37126109933739304,,,,,,102.51,,,
-0.37116331014602844,,,,,,103.39,,,
-0.37107669782562347,,,,,,103.38000000000001,,,
-0.37054291932122707,,,,,,102.83000000000001,,,
-0.37035545323598473,,,,,,103.16,,,
-0.3699435343395475,,,,,,102.63,,,
-0.3698426875285147,,,,,,104.45,,,
-0.3698103885497068,,,,,,104.48,,,
-0.3698025780536268,,,,,,104.48,,,
-0.3697923844031178,,,,,,104.47,,,
-0.36978086650509245,,,,,,104.45,,,
-0.36971810642309777,,,,,,104.43,,,
-0.36964738705184297,,,,,,104.42,,,
-0.36962102877007597,,,,,,104.40999999999998,,,
-0.36960778257015947,,,,,,104.39999999999999,,,
-0.3696042060007376,,,,,,104.39,,,
-0.36958221583025286,,,,,,104.28,,,
-0.3695203436870702,,,,,,104.41,,,
-0.369458724452832,,,,,,104.37,,,
-0.36940385332081394,,,,,,104.37,,,
-0.3686897914193158,,,,,,103.18,,,
-0.36755133585806843,,,,,,103.18999999999998,,,
-0.3675401359029755,,,,,,103.19,,,
-0.36731405201817324,,,,,,103.11,,,
-0.3672917683393645,,,,,,103.06999999999998,,,
-0.36721396330980005,,,,,,103.07,,,
-0.3665553915637847,,,,,,102.84,,,
-0.36235495069608925,,,,,,,104.66000000000001,,
-0.36224591478648793,,,,,,,104.63000000000001,,
-0.3622218913748284,,,,,,,104.63000000000001,,
-0.3621438345720035,,,,,,,104.61,,
-0.35898373280999696,,,,127.08,,,,,
-0.35824582914939695,,140.06,,,,,,,
-0.35760502304692354,,,,125.63000000000001,,,,,
-0.357429847905653,,,,125.62,,,,,
-0.35731925005583287,202.22000000000003,,,,,,,,
-0.35548050036465706,,,,,,,103.62000000000002,,
-0.3530335951458111,,,127.79,,,,,,
-0.3516653993751271,,,,119.08,,,,,
-0.3505110970253206,198.79,,,,,,,,
-0.35000093437365676,,,,121.56000000000002,,,,,
-0.34954828160819307,,,,117.80999999999999,,,,,
-0.348750577983862,,,,,,,104.86,,
-0.3486732983937265,,,,,,,104.84000000000002,,
-0.3485668266613683,,,,,,,104.82,,
-0.3479582228682869,,,,119.39,,,,,
-0.34782958705588474,,,,,,,103.08,,
-0.34774131991474166,,,,,,,103.03,,
-0.3477161913148411,,,,119.29000000000002,,,,,
-0.347686140817439,,,,119.25,,,,,
-0.34766845493846577,,,,,,,103.01000000000002,,
-0.3475962387292153,,,,119.26000000000002,,,,,
-0.3475703008292178,,,,,,,103.0,,
-0.3475564664392221,,,,,,,103.0,,
-0.3474412457509759,,,,119.20000000000002,,,,,
-0.3473673819928056,,,,,,,102.96,,
-0.34730295382127596,,,,,106.02,,,,
-0.3472993593131305,,,,119.22,,,,,
-0.3472410428721884,,,,128.65,,,,,
-0.34722865927294333,,,,119.16,,,,,
-0.347177921557307,,,,,106.02,,,,
-0.3471118574892085,,,,,105.97000000000001,,,,
-0.3470937408121296,,,,,105.97000000000001,,,,
-0.34676680187232967,,,,118.98,,,,,
-0.34672599483423583,,,,,,,100.27000000000001,,
-0.34658046157147804,,,,,,,100.23,,
-0.3460996478746604,,,,,,,100.24000000000001,,
-0.3458150459677368,,,,,,,100.18,,
-0.3454660741771025,,,,,,,104.15,,
-0.34525648554142174,,,,,,,100.06,,
-0.3450556098954729,,,,,,,101.16,,
-0.3445556332985401,,,,,,,101.53,,
-0.3443635962804108,,,,,,,101.03,,
-0.34432262277507664,,,,,,,101.49,,
-0.3442807035950015,,,,,,,,,91.43
-0.3441196948762836,,,,,,,,,90.06
-0.34394905764432604,,,,,,,100.14,,
-0.3435314357152133,,142.99,,,,,,,
-0.3408399305986841,,141.9,,,,,,,
-0.33338652353364306,,,,,,,101.39,,
-0.33333708331223966,,,,,,,101.32,,
-0.3331014471490191,,,,,,,101.32,,
-0.33229031516314433,,,,,,,101.07,,
-0.3322382039878734,,,,,,,100.85000000000001,,
-0.332216326016998,,,,,,,101.04999999999998,,
-0.3321098420502391,,,,,,,100.84,,
-0.3319620462587056,,,,,,,100.78,,
-0.33191155761688673,,,,,,,100.76,,
-0.3318560391966655,,,,,,,101.34,,
-0.3317407880989717,,,,,,,100.73,,
-0.3317366014754838,,128.84,,,,,,,
-0.33171622582561755,,,,,,,100.7,,
-0.3316737958275977,,,,,,,100.67999999999999,,
-0.33167226043061193,,,,,,,100.68,,
-0.33161279326533055,,,,,,,100.75,,
-0.33153711786379314,,,,,,,100.68,,
-0.3308548475697798,,,,119.37,,,,,
-0.3303456985697649,,,,115.41,,,,,
-0.33025950351299815,,134.21,,,,,,,
-0.3299984003711809,,,,115.89,,,,,
-0.32972403691293517,,,,115.83,,,,,
-0.3296566396567172,,,,119.06,,,,,
-0.32953360471857485,,132.69,,,,,,,
-0.3276196411548049,,,,,,,101.08,,
-0.32760424130434684,,,,117.315,,,,,
-0.3258830773690312,,,,115.99,,,,,
-0.32553923664952333,,,,115.9,,,,,
-0.32550113684675575,,,,,,,100.06,,
-0.3254980090598265,,,,,,,100.06,,
-0.3254887677017042,,,,,,,100.06,,
-0.32541582317293616,,,,115.83,,,,,
-0.32513982786425955,,,,115.82000000000001,,,,,
-0.3249155933527814,,,,115.73,,,,,
-0.3245458151075038,,131.41,,,,,,,
-0.3239823187575471,,,,,,,,,89.44
-0.32202700366444403,,,,,104.82,,,,
-0.32198175410524166,,,,,104.81000000000002,,,,
-0.3182484439020732,,128.52,,,,,,,
-0.31646324411771387,177.29,,,,,,,,
-0.3164085472254129,177.26,,,,,,,,
-0.31640016325972564,177.26,,,,,,,,
-0.30679909794174387,187.26999999999998,,,,,,,,
-0.30675810934993686,187.23999999999998,,,,,,,,
-0.3063294176309028,,,127.67,,,,,,
-0.3062660094421277,,126.35999999999999,,,,,,,
-0.30551810800255574,178.22999999999996,,,,,,,,
-0.30375507414086955,181.52,,,,,,,,
-0.3010081107729453,,132.4,,,,,,,
-0.2998157897717503,,,121.40999999999998,,,,,,
-0.29977800903409935,,,121.39,,,,,,
-0.29976863531909337,,,121.43,,,,,,
-0.29971209928599474,,,121.39,,,,,,
-0.29968844374706227,,,121.38999999999999,,,,,,
-0.29968166412114683,,,121.37,,,,,,
-0.28728092011194717,,127.37,,,,,,,
-0.28710936476202564,,127.28999999999999,,,,,,,
-0.28704448695616436,,127.27,,,,,,,
-0.2867902435422527,,127.17,,,,,,,
-0.2834370657703261,,,,,107.0,,,,
-0.2818248829723673,,,,116.10999999999999,,,,,
-0.27865411284374386,,,,116.1,,,,,
-0.27852964341327624,168.21,,,,,,,,
-0.27850462869343007,168.21,,,,,,,,
-0.2777190367179553,151.92,,,,,,,,
-0.2770676417685416,,,,117.43999999999997,,,,,
-0.2770574793524604,,,,117.43999999999998,,,,,
-0.277034975842927,,,,117.42034883720932,,,,,
-0.2769947564044708,,,,116.24,,,,,
-0.27696295519700953,,,,116.24999999999999,,,,,
-0.2749155629102392,,,,118.88,,,,,
-0.2749085528765889,,,,118.87,,,,,
-0.2721399852729657,,,,109.29000000000002,,,,,
-0.27186351162429445,,,,109.19,,,,,
-0.27179487594418883,,,,109.19,,,,,
-0.27165918667395283,,,,109.17000000000002,,,,,
-0.2715757738242778,,,,109.14000000000001,,,,,
-0.2710961478848729,,,,,107.18,,,,
-0.26989535166707224,,,,114.17,,,,,
-0.26940075844319045,,,,,105.73,,,,
-0.2692336189073622,,,,114.03,,,,,
-0.26784088718160226,,,,108.60999999999999,,,,,
-0.26763504301220076,,,,108.57,,,,,
-0.26748229799756107,,,,108.565,,,,,
-0.2674581510033279,,,,108.55,,,,,
-0.26736065250488383,,,,108.52,,,,,
-0.26730637604238383,,,111.42,,,,,,
-0.26724269532561906,,,,,,,98.91,,
-0.2671924289578682,,,,108.46,,,,,
-0.2667660062944065,,,,,,,101.46000000000001,,
-0.26673389630517397,,,,,,,101.39,,
-0.2667056670615592,,,,,,,101.45,,
-0.26670506959376283,,,,,105.42000000000002,,,,
-0.26670133539797647,,,,,,,101.38,,
-0.26665383310874613,,,,,,,101.45,,
-0.26665114411588386,,,,,,,99.87000000000002,,
-0.26663067724619816,,,,,105.43,,,,
-0.2666163348173488,164.52,,,,,,,,
-0.26658032687292466,,,,,,,101.36,,
-0.2664379039685709,,,,,,,101.38,,
-0.26641682725685334,,,,,,,101.38,,
-0.26602466931862834,,,,108.01,,,,,
-0.2660068612047518,,,,,,,101.63,,
-0.2660010247441249,,,,,,,101.64000000000001,,
-0.265870054105377,,,,110.28,,,,,
-0.2657883047419063,,,,,,,101.59,,
-0.265677929195442,,,,108.99,,,,,
-0.2656648975990098,,,,,,,101.54,,
-0.2656511165570786,,,,117.90000000000002,,,,,
-0.265646173231212,,,,117.83999999999999,,,,,
-0.2655345561910948,,,,,,,101.54,,
-0.26552871221680774,,,,,,,101.51,,
-0.2654882513825654,,,,116.71,,,,,
-0.26532786274691866,,,,,,,99.15,,
-0.2652657870401456,,,,116.72,,,,,
-0.26513185371714676,,,,116.47,,,,,
-0.2647590431574188,,,,118.47000000000001,,,,,
-0.2646639790135099,153.28,,,,,,,,
-0.26465451630812453,153.27000000000004,,,,,,,,
-0.2646525636560657,153.31,,,,,,,,
-0.2645009761706488,,,,116.43,,,,,
-0.26440208762687534,,,,118.41,,,,,
-0.2642225775754662,,,,,105.33,,,,
-0.26381045573200246,163.56,,,,,,,,
-0.26367599125574326,,,,108.56,,,,,
-0.26330908869901815,,127.0,,,,,,,
-0.2633063751215289,163.05,,,,,,,,
-0.26294830913176337,,,,115.56,,,,,
-0.2627123746764639,162.62,,,,,,,,
-0.26256315839283006,,,,116.69,,,,,
-0.2624755336501684,,,,114.32,,,,,
-0.26216233166541036,,,,108.87,,,,,
-0.26206871247183816,159.04,,,,,,,,
-0.26201016949986433,,,,,,,99.06,,
-0.2619932250978064,,,,,,,99.06,,
-0.2618711116241562,,,,,,,99.04,,
-0.2618632417121082,162.24,,,,,,,,
-0.2618574905164065,162.23999999999998,,,,,,,,
-0.26183266853846765,,,,,,,99.03,,
-0.2617108047393244,,,,108.54,,,,,
-0.26166931645345315,,,,108.55,,,,,
-0.2616644708021113,,,,108.54,,,,,
-0.2616609879509225,,,,108.54999999999997,,,,,
-0.2616246431954917,,,,,,,99.01,,
-0.2615136180991525,150.29,,,,,,,,
-0.26124599072042876,,,,108.36,,,,,
-0.26115441339149426,,,,108.35999999999999,,,,,
-0.2609029138492013,,,,116.2,,,,,
-0.2607585807961096,,,,116.07999999999997,,,,,
-0.2600575140851136,,,,109.59,,,,,
-0.25996883646544666,,,,113.24999999999999,,,,,
-0.25986613856745033,,,,108.98999999999998,,,,,
-0.2594846136330117,,,,109.34,,,,,
-0.2592459988481275,,,,,,,99.60000000000001,,
-0.25920834888652844,,,,,,,99.59,,
-0.25869046435011556,,,,109.79,,,,,
-0.2585965727390902,,,,109.70999999999998,,,,,
-0.25851869336164146,,,,109.73,,,,,
-0.25833095209497814,,,,109.52000000000001,,,,,
-0.2579013408692078,,,,109.39,,,,,
-0.25783280168735834,,,118.07,,,,,,
-0.2576313946033514,,,,109.28,,,,,
-0.25761072736001434,,,,109.32,,,,,
-0.25745744767086054,,,,109.25,,,,,
-0.2571572895155181,,,,109.0,,,,,
-0.2568849608378374,,,,109.00500000000001,,,,,
-0.25581872240198555,,,,109.13,,,,,
-0.25285874921083207,,,,107.99,,,,,
-0.2526749565773011,,,,107.98,,,,,
-0.2511734735691278,,,,104.92,,,,,
-0.2499754679475975,,,,,100.99,,,,
-0.24809643079730193,,117.92000000000002,,,,,,,
-0.24739976619219406,166.52,,,,,,,,
-0.24653342587019111,,,,107.76,,,,,
-0.2463321497956723,,116.33,,,,,,,
-0.24632268275628177,,115.87,,,,,,,
-0.24622515840787684,,,110.19,,,,,,
-0.24618522610988225,,115.9,,,,,,,
-0.24586861690628492,,,110.11,,,,,,
-0.24572530530839676,,116.4,,,,,,,
-0.2454246006252495,,115.63,,,,,,,
-0.24534472024299903,,,109.88,,,,,,
-0.2450293043972639,,118.33,,,,,,,
-0.24475482224045997,,,,107.64000000000001,,,,,
-0.24458715219008864,,,,107.58,,,,,
-0.2443851520003224,,,,107.3,,,,,
-0.24417399870375844,,,,107.31000000000002,,,,,
-0.24399321105903538,,,,107.36,,,,,
-0.2435525462021294,,,,107.68,,,,,
-0.2432488336572649,,116.36,,,,,,,
-0.2432197216940526,,116.34999999999998,,,,,,,
-0.24318026584134078,,,,107.605,,,,,
-0.24294551394746722,,,,107.51,,,,,
-0.24291542334802574,,,,107.45,,,,,
-0.24289536161946368,,,,107.46,,,,,
-0.24277895076927347,,116.3,,,,,,,
-0.2427614303058655,,116.22,,,,,,,
-0.2426201220265214,,,,106.06000000000002,,,,,
-0.2425394873633494,,116.25,,,,,,,
-0.24247254436427979,,,,106.03000000000002,,,,,
-0.24241738719437067,,,,105.98,,,,,
-0.24240638668251435,,,,,101.67,,,,
-0.24240463294820125,,,,106.00000000000001,,,,,
-0.24238007981525866,,,,107.89000000000001,,,,,
-0.24227531252986179,,,,105.95,,,,,
-0.24128409295197173,,,,,101.86,,,,
-0.24077686242180796,,,,,100.78,,,,
-0.24075012200723733,,,,,100.73,,,,
-0.24065675597176006,,,,,100.73,,,,
-0.23765762682418,143.32,,,,,,,,
-0.23345663250640114,141.15,,,,,,,,
-0.23232431792520702,,114.86,,,,,,,
-0.2321293255872695,,114.76,,,,,,,
-0.2307768607153492,158.55,,,,,,,,
-0.23033079977136772,,,106.88,,,,,,
-0.23002934196078695,,,108.2,,,,,,
-0.22908804970840246,,,113.54,,,,,,
-0.2290040558444536,,112.68,,,,,,,
-0.22823051535922823,157.99,,,,,,,,
-0.22746264578593067,157.48,,,,,,,,
-0.2273350950093167,157.49,,,,,,,,
-0.22698128257231331,,,105.29,,,,,,
-0.22693803582857397,,114.02000000000001,,,,,,,
-0.22690909712341012,141.22,,,,,,,,
-0.22674564713758527,157.2,,,,,,,,
-0.22660715612257465,,,113.05,,,,,,
-0.22593461265971715,130.61,,,,,,,,
-0.22591237939256537,130.59,,,,,,,,
-0.22374744500557064,,113.13,,,,,,,
-0.22301018531411554,147.79,,,,,,,,
-0.22212951461700525,130.06,,,,,,,,
-0.2214986028972954,,115.84,,,,,,,
-0.22138518853338074,,115.8,,,,,,,
-0.22135998085365172,,109.98,,,,,,,
-0.22124477055616654,,115.86,,,,,,,
-0.22102925814106422,,115.76,,,,,,,
-0.22088599614338567,,115.68,,,,,,,
-0.2203616906251571,,115.44,,,,,,,
-0.22014760963955016,,115.33000000000001,,,,,,,
-0.2201439285947363,,115.34,,,,,,,
-0.22013928722783116,,115.33000000000001,,,,,,,
-0.220127923648061,,115.32,,,,,,,
-0.22012040109618236,,115.33000000000001,,,,,,,
-0.22011095768732525,,115.32,,,,,,,
-0.21992668542537708,,115.21999999999998,,,,,,,
-0.21981921979458252,,115.18,,,,,,,
-0.21959602593652072,,115.06,,,,,,,
-0.21937879808164396,,114.85,,,,,,,
-0.21937446832724894,,114.98,,,,,,,
-0.21929572256235363,,114.81000000000002,,,,,,,
-0.21921407321429642,,114.89,,,,,,,
-0.21916449779331781,,114.75000000000001,,,,,,,
-0.21889709914826905,,114.72000000000001,,,,,,,
-0.21874983938113468,,114.65,,,,,,,
-0.21863433731966908,147.1,,,,,,,,
-0.2185623521437714,,114.58,,,,,,,
-0.21845740356329957,,114.54,,,,,,,
-0.21828038965842556,,114.52,,,,,,,
-0.21822908726805834,,113.25,,,,,,,
-0.2179317546668379,,114.35,,,,,,,
-0.21769910484190735,,114.24,,,,,,,
-0.21765110862955528,,113.88666666666666,,,,,,,
-0.21751916923598358,,113.82,,,,,,,
-0.21746857261119412,,113.83,,,,,,,
-0.21736848804242026,,113.79,,,,,,,
-0.21736365239083044,,113.79,,,,,,,
-0.2172864350589765,,113.75,,,,,,,
-0.2170351718102992,145.59,,,,,,,,
-0.21656931165924231,,115.22,,,,,,,
-0.21653636085675465,,113.15,,,,,,,
-0.21603157659763472,,115.34,,,,,,,
-0.21574616592747298,137.17,,,,,,,,
-0.2085544434356985,,108.94,,,,,,,
-0.20473409237976214,,109.95,,,,,,,
-0.2033794238083203,,,,,,,103.65000000000002,,
-0.20337482290026532,,,,,,,103.65000000000002,,
-0.20334007639570328,,,,,,,103.63,,
-0.2033383310575364,,,,,,,103.63999999999999,,
-0.2033380137225027,,,,,,,103.62999999999998,,
-0.2033277001962801,,,,,,,103.64,,
-0.20332706550902124,,,,,,,103.63999999999999,,
-0.20332643082075097,,,,,,,103.63,,
-0.20295607650346403,,,,,,,103.52,,
-0.2026810646520011,,,,,,,103.38499999999999,,
-0.2024092027621367,,,,,,,103.32999999999998,,
-0.20223183621500485,,,,,,,103.28999999999999,,
-0.2019585533184458,,,,,,,103.23,,
-0.20179277343087432,,,,,,,103.2,,
-0.20177604829254903,,,,,,,103.52000000000001,,
-0.20160653573293996,,,105.45,,,,,,
-0.20132831711469346,,109.35,,,,,,,
-0.20104805674913595,,109.84999999999998,,,,,,,
-0.2009553209962237,,107.31999999999998,,,,,,,
-0.20057642647143903,,109.56,,,,,,,
-0.20057462695814254,,,113.24,,,,,,
-0.20054714553359687,,,113.2,,,,,,
-0.20044615104771535,,,113.15,,,,,,
-0.2003755709686671,,109.42,,,,,,,
-0.20033489974398722,,,113.14,,,,,,
-0.20031869404466807,,109.23000000000002,,,,,,,
-0.20030900060216728,,,113.12,,,,,,
-0.20030220158908363,,109.39,,,,,,,
-0.20026279364600796,,,113.08,,,,,,
-0.20019969750710664,,109.49,,,,,,,
-0.20012747442144485,,109.15,,,,,,,
-0.20007439308144348,,,113.02,,,,,,
-0.20000353682646876,,109.11000000000001,,,,,,,
-0.19992655325758912,,,112.96,,,,,,
-0.19986962086032545,,109.05000000000001,,,,,,,
-0.19986669779185207,,,112.93,,,,,,
-0.19979674837408712,,,,,,,103.02,,
-0.19977526320023353,,108.74,,,,,,,
-0.19976441064249317,,,,,,,103.02000000000001,,
-0.19975704623923818,,,,,,,103.01000000000002,,
-0.19975336398678067,,,,,,,103.01000000000002,,
-0.19974407815619444,,,112.92000000000002,,,,,,
-0.19974311754073049,,,,,,,102.99,,
-0.19973607295686124,,,112.92000000000002,,,,,,
-0.19973014900624486,,,112.91,,,,,,
-0.19969540407078934,,,,,,,103.01,,
-0.1996608162539284,,,,,,,102.97,,
-0.19965841421118535,,,,,,,102.97,,
-0.19964752476990877,,,,,,,102.96,,
-0.19943239756987707,,,112.75,,,,,,
-0.1991647710053812,,108.53000000000002,,,,,,,
-0.19899427407380554,,108.45,,,,,,,
-0.19895591914501365,,,,,,,103.15,,
-0.19893586640493233,,,,,,,103.15,,
-0.1989345829953839,,,,,,,103.14999999999999,,
-0.198823873446219,,,,,,,103.11999999999999,,
-0.1987348022527572,,,,,,,,,93.33
-0.1987303080461299,,,,,,,103.09999999999997,,
-0.19796877572139204,,,,108.785,,,,,
-0.19792168845083213,124.03,,,,,,,,
-0.1978603727582955,,,,108.77,,,,,
-0.19764911189786072,,,,,,,,,93.13
-0.19731743486732667,,,,109.99,,,,,
-0.1968642367258725,,,,,,,103.19,,
-0.1967919871968643,,,,110.48,,,,,
-0.1967556962571828,,,,111.977,,,,,
-0.19675488975460864,,,,,,,103.17,,
-0.19674472768340978,,,,113.02968503937008,,,,,
-0.1967418241872685,,,,113.06,,,,,
-0.19673053261384488,,,,113.05000000000001,,,,,
-0.19670552871436342,,,,113.04,,,,,
-0.19666568057378964,,,,111.8466,,,,,
-0.19662550577445503,,,,111.851,,,,,
-0.19634675307010607,,,,,,,103.1,,
-0.19627699429296386,,,,112.77999999999999,,,,,
-0.19595484884453684,,,,115.0706,,,,,
-0.19588518366183438,,,,,,,,96.56,
-0.1956046227797934,,,,115.17897196261684,,,,,
-0.1948488036761593,,,,,,,,,89.46
-0.19455503092002557,,,,,,,,,89.41
-0.19405340363336843,,,,101.31,,,,,
-0.19365194429667,,,,108.54,,,,,
-0.19351326590028917,,,,108.52,,,,,
-0.193034597431187,,,,108.34,,,,,
-0.1929440714276779,,,,107.49,,,,,
-0.1929289275054462,,,,108.33,,,,,
-0.19284082094545774,,,,108.25,,,,,
-0.1909385113268608,,,,101.75,,,,,
-0.19079365946371873,,,,101.77000000000001,,,,,
-0.19078547419465453,,,,100.83,,,,,
-0.19059552945675817,,,,101.64750000000001,,,,,
-0.1903519094942978,,,,107.11999999999999,,,,,
-0.19032372072159964,,,,107.16000000000001,,,,,
-0.19030978949876332,,,,101.48,,,,,
-0.1902953660806227,,,,107.10000000000001,,,,,
-0.19001745107401657,,,114.15223999999999,,,,,,
-0.18992870765073866,,,,107.2,,,,,
-0.18991180974916833,,,,107.19,,,,,
-0.18985454851100325,,,,107.17,,,,,
-0.18983403750258243,,,,107.17,,,,,
-0.18978004756396227,,,,106.94,,,,,
-0.1896932219053472,,,,107.13000000000001,,,,,
-0.18968370113590138,,,109.01999999999998,,,,,,
-0.18962279574868024,,,,111.36,,,,,
-0.18961130313946606,,,,107.11999999999999,,,,,
-0.18808465516534456,,,,,100.44,,,,
-0.18749869238070804,,,,108.08,,,,,
-0.18736878545357616,,,,100.67526315789473,,,,,
-0.18730092682234056,,,,108.01000000000002,,,,,
-0.1871113249008327,,,,108.01,,,,,
-0.1870478843022808,,,,108.0,,,,,
-0.1870439189360844,,,107.83,,,,,,
-0.18677054588637032,,,,108.65,,,,,
-0.18671102073663248,,,,108.55,,,,,
-0.18654595822140707,,,109.01,,,,,,
-0.1863296878191113,,,101.39,,,,,,
-0.1862379822608018,,,,,99.98,,,,
-0.18622126114953175,,,,,99.49,,,,
-0.1862119897422021,,,,,99.49,,,,
-0.18577085719194353,,,,,103.01000000000002,,,,
-0.18566161837945439,,,101.02,,,,,,
-0.1855669431395417,,,,107.56999999999998,,,,,
-0.18525474028976407,,,,,,,100.81,,
-0.18524345536621067,,,,,,,100.81,,
-0.1852354893496021,,,,,97.94,,,,
-0.18519665278784958,,,,107.2,,,,,
-0.18517474335041473,,,,101.62,,,,,
-0.18511266021194406,,,,108.72,,,,,
-0.18504542047479655,,,,,103.14,,,,
-0.18499809697055647,,,,,,,99.25,,
-0.18495093404622964,,,,,,,101.10000000000001,,
-0.18492137140239573,,,,108.65000000000002,,,,,
-0.18489213881449906,,,,108.65,,,,,
-0.18488715577784587,,,,108.65000000000002,,,,,
-0.18488067773911165,,,,108.67,,,,,
-0.18484130898182594,,112.87,,,,,,,
-0.1847869838198558,,,,,,,101.05000000000001,,
-0.1847210196857263,,112.79,,,,,,,
-0.1845928825151233,,,,,,,99.15,,
-0.18456146531042927,,,,102.33,,,,,
-0.1845195719380136,,,,109.26000000000002,,,,,
-0.18451076048245152,,,100.82000000000001,,,,,,
-0.18441515226153515,,,,102.275,,,,,
-0.1843842202815097,,,,102.25,,,,,
-0.18434031279733343,,,,,,97.11,,,
-0.18424017274530102,,,,100.56999999999998,,,,,
-0.18422852695737224,,,,101.31,,,,,
-0.18417927823524916,,,,100.65,,,,,
-0.18405679617453186,,,,110.79,,,,,
-0.18381538556969268,,,,,,97.9,,,
-0.18368679695025392,,,,,,97.86,,,
-0.18356683321903267,,,,102.73000000000002,,,,,
-0.18354983550570314,,,,102.72,,,,,
-0.18354316954256777,,,,,97.5,,,,
-0.18354050312683567,,,,102.72,,,,,
-0.18348783784721667,,,,102.7,,,,,
-0.18336564823516133,,,,102.65000000000002,,,,,
-0.1833496425215141,,,,102.64,,,,,
-0.183121326088164,,103.21,,,,,,,
-0.183103809329894,,,,101.67000000000002,,,,,
-0.1827316092647996,,,,100.73,,,,,
-0.182550226668604,,,104.13,,,,,,
-0.1823896542857294,,,,101.52,,,,,
-0.18228084359996777,,,,,,,98.77,,
-0.18194938598143484,,,,101.53000000000002,,,,,
-0.1818640532131982,,,102.06,,,,98.67,,
-0.18171292034384423,,,,,,,98.61,,
-0.18107262288926584,,,103.19,,,,,,
-0.18098090231743502,,109.09,,,,,,,
-0.18076048775062836,,,,102.51,,,,,
-0.18071937754335432,,,,100.91000000000001,,,,,
-0.18069823354442638,,,,,,,98.94571428571427,,
-0.18066148066350862,,108.25,,,,,,,
-0.18060676478764093,,,,,,,98.92,,
-0.1805553990643992,,,,107.47999999999999,,,,,
-0.18036297215959396,,,,101.4,,,,,
-0.18035894131062657,,,,,,,98.85,,
-0.18001348467824452,,,,,,,99.71,,
-0.1795856292116741,,,,,,,99.60000000000001,,
-0.17957519634303853,,,,,,,99.60000000000001,,
-0.179531779298151,,,,100.86,,,,,
-0.17945435766148599,,,,103.34,,,,,
-0.17941833478952396,,,,,,,99.56,,
-0.1794053725150856,,,,,,,99.56,,
-0.1794045307947938,,,,,,,99.48,,
-0.17939611349690288,,,,103.26,,,,,
-0.17937490114032018,,,,103.28,,,,,
-0.17936160077008712,,,,103.44000000000001,,,,,
-0.17935082547048842,,,,,,,99.46,,
-0.17931176263726523,,,,,,,99.58999999999999,,
-0.1792417096231037,,,,102.38,,,,,
-0.1792196471834614,,,,,,,99.55999999999999,,
-0.17918090873292003,,,,,,,99.4,,
-0.1790468117769839,,,,,,,98.98,,
-0.17894014309431183,,,,,,,,93.78,
-0.17886244118858852,,,,,,,99.45,,
-0.17884018977824367,,106.04,,,,,98.91,,
-0.17882720923195294,,,,103.0,,,,,
-0.17879922380102642,,,,,,,98.88,,
-0.1786926594013819,,,,,,,98.77,,
-0.17865302792641302,,,,102.41,,,,,
-0.17850779226433644,,,,102.34000000000002,,,,,
-0.17842967101243135,,,,102.06,,,,,
-0.17802076853825166,,,,,98.42999999999999,,,,
-0.17800404586408625,,,,,98.58,,,,
-0.17792903883463218,,,,,,,99.44,,
-0.17785418709613365,,,,,98.52,,,,
-0.17780298268411976,,,,,,,100.80000000000001,,
-0.1769108682952446,,,,,,,99.15,,
-0.17663385689814093,,,,,,,99.12,,
-0.17635547180005862,,,,106.89,,,,,
-0.1763378332743042,,,,106.88,,,,,
-0.17633630682790435,,,,106.88,,,,,
-0.17624165610024978,,,,106.84,,,,,
-0.1761340874727274,,,,,,,98.49,,
-0.17610405146713215,,107.28,,,,,,,
-0.17599237298540427,,,,102.84,,,,,
-0.17586351475667883,,,,,98.62000000000002,,,,
-0.17582785516410815,,,,104.32000000000001,,,,,
-0.17582530793226936,,,,102.78,,,,,
-0.1758180057804004,,,,,,,99.45,,
-0.17532540628624704,,106.83,,,,,,,
-0.17531554488963663,,,,,,,99.84000000000002,,
-0.17530143248079433,,106.84,,,,,,,
-0.1749202147847697,,,,,98.86,,,,
-0.17450951419059424,,,,105.39,,,,,
-0.17447901886831396,,,,106.09,,,,,
-0.17438939387590946,,,,,98.7,,,,
-0.17365940182443618,,,,,,,99.15000000000002,,
-0.17174764973042456,,,,,,,,,88.55
-0.16943280150731332,,,,100.41,,,,,
-0.167715691680278,,,,100.52,,,,,
-0.16760986873415729,,,,100.37,,,,,
-0.1673414670194363,,,,100.35999999999999,,,,,
-0.16706560753505761,,,,100.25,,,,,
-0.16697627381823088,,,,100.11,,,,,
-0.1667215241663258,,,,100.09,,,,,
-0.1663312886913465,,,,,,98.07,,,
-0.16548809245390517,,,,99.55,,,,,
-0.16511552087816483,,,101.37,,,,,,
-0.1649630172558305,,,101.63,,,,,,
-0.16455106629391714,,,,100.36,,,,,
-0.16409241961390264,,102.64,,,,,,,
-0.16306680777360294,,,,,98.97,,,,
-0.16304509303799986,,,,100.01,,,,,
-0.162959624101908,,,,100.20999999999998,,,,,
-0.16290654751478462,,,,99.98,,,,,
-0.16277391421195464,,,,99.75,,,,,
-0.1627253707818367,,,,,,97.95,,,
-0.16260389992111735,,,,99.74,,,,,
-0.16253605020596384,,,,99.71,,,,,
-0.16252079565549282,,,,99.76,,,,,
-0.16243609649154955,,,,99.73,,,,,
-0.16239663450967756,,,,99.69,,,,,
-0.16239295120164143,,,,99.71,,,,,
-0.16237014904994973,,,,99.71,,,,,
-0.16228699838007254,,103.2,,,,,,,
-0.16222980078452987,,,,99.68,,,,,
-0.16222558960992184,,,,99.68,,,,,
-0.16220874448811895,,,,99.68,,,,,
-0.16219804046499686,,,,99.57000000000001,,,,,
-0.16219663663839778,,,,99.67,,,,,
-0.1621897929163566,,,,99.55,,,,,
-0.16204288915880416,,,,,,,,,92.13
-0.162039729372351,,,,,,,,,92.49
-0.16168129008866272,,,,,,,,,92.46
-0.16082355098353573,,,101.66,,,,,,
-0.16082020593891733,,,101.63,,,,,,
-0.16080647337102572,,104.33,,,,,,,
-0.160774252889769,,,101.59,,,,,,
-0.16073269714074223,,104.88,,,,,,,
-0.16062438633773501,,,101.56,,,,,,
-0.16061698848261585,,,101.56,,,,,,
-0.1606076529079069,,,101.54,,,,,,
-0.16048803349149043,,,101.53000000000002,,,,,,
-0.16045684580278796,,,,100.37,,,,,
-0.1596753405678284,,,,99.01,,,,,
-0.15951872361151442,,,,98.94,,,,,
-0.15947033182430237,,,,100.1,,,,,
-0.15941133575843158,,,,98.9,,,,,
-0.15938748769290745,,,,100.03999999999999,,,,,
-0.15935763154056548,,,,99.98,,,,,
-0.1593519780658117,,,,98.88,,,,,
-0.15925409022885106,,,,98.84,,,,,
-0.15918392914611135,,,,99.97,,,,,
-0.15917774309853094,,,,98.12,,,,,
-0.1591715569599259,,,,98.81,,,,,
-0.159132847340148,,,,99.88,,,,,
-0.1591199433415018,,,,99.83,,,,,
-0.15903420123806988,,,,98.07,,,,,
-0.15903402443216397,,,,98.79,,,,,
-0.15902624489870587,,,,99.82,,,,,
-0.15897089997262448,,,,98.04000000000002,,,,,
-0.15878680232631504,,,,106.83,,,,,
-0.15874166260408995,,,,98.64,,,,,
-0.15872273078601584,,,,98.66999999999999,,,,,
-0.1585464647486715,,,,,,,,,90.44
-0.15851619477657342,,,,98.29440000000001,,,,,
-0.1584894633413817,,102.0,,,,,,,
-0.15828245852226386,,,,98.45,,,,,
-0.15813400401991018,,,,98.41000000000001,,,,,
-0.15813010594090748,,,,98.42,,,,,
-0.1581263850136394,,,,98.41000000000001,,,,,
-0.15812461313195114,,,,98.48,,,,,
-0.1581194746328769,,,,98.4,,,,,
-0.15805266843629973,,,,98.4,,,,,
-0.15787133452971747,,,,98.32000000000001,,,,,
-0.1577858695839841,,,,98.27999999999999,,,,,
-0.15722655056619617,,,,98.22,,,,,
-0.1562404351943084,,102.84,,,,,,,
-0.15611387061875426,,,,100.05,,,,,
-0.15544695541794507,,,,,,,97.73,,
-0.15494181975633348,,102.97,,,,,,,
-0.1548798820212316,,,,,,,97.99,,
-0.15487238256053804,,,100.68999999999998,,,,,,
-0.1547807712625462,,102.89000000000001,,,,,,,
-0.15459856112675108,,106.74,,,,,,,
-0.15445287262557283,,106.81,,,,,,,
-0.15425689688398037,,106.75,,,,,,,
-0.1541255712673374,,106.7,,,,,,,
-0.1540681567286124,,,106.77,,,,,,
-0.15396897477325833,,,100.78,,,,,,
-0.15393676396464384,,,100.32,,,,,,
-0.15369617904403632,,,100.32,,,,,,
-0.15358604432669887,,102.37000000000002,,,,,,,
-0.15354359451521649,,,100.21,,,,,,
-0.15351027649105464,,,100.14,,,,,,
-0.1528550268100205,,,,101.02,,,,,
-0.15228135216775784,122.78,,,,,,,,
-0.1520708448846857,117.13,,,,,,,,
-0.15166956479234794,125.3,,,,,,,,
-0.15015952719732328,116.61000000000001,,,,,,,,
-0.15013338858815295,,,,108.38,,,,,
-0.15004911501899643,,,,108.3,,,,,
-0.1499973386821437,,,,105.84,,,,,
-0.1498908419359657,,,,108.2,,,,,
-0.14987862493272397,,,,108.18999999999998,,,,,
-0.14978122048905806,,,,108.23,,,,,
-0.14696736743974437,115.41,,,,,,,,
-0.14674103834301988,,,,99.54,,,,,
-0.14673722472625506,,101.04,,,,,,,
-0.14631283366210446,121.21,,,,,,,,
-0.14568231912264018,,98.0,,,,,,,
-0.145396014330488,114.61,,,,,,,,
-0.14525409458903116,114.52,,,,,,,,
-0.14502894382371967,,,,105.51000000000002,,,,,
-0.14425218643566362,,,106.68000000000002,,,,,,
-0.14399056922181397,113.3,,,,,,,,
-0.14382479556778482,113.29,,,,,,,,
-0.1436790362229884,,,,106.99,,,,,
-0.14364621170492908,,98.79,,,,,,,
-0.14362875082960969,,,,106.99,,,,,
-0.1435934776894886,,,,107.01,,,,,
-0.14345095859054446,,,99.01,,,,,,
-0.1433366994761912,125.39,,,,,,,,
-0.1431783635400362,,,97.96000000000001,,,,,,
-0.14307434727768997,125.12,,,,,,,,
-0.1428992982181897,112.81,,,,,,,,
-0.1428380753775952,109.57,,,,,,,,
-0.1423273111777419,102.23,,,,,,,,
-0.14189203408159667,107.24999999999999,,,,,,,,
-0.14149755531208608,,102.89000000000001,,,,,,,
-0.14135012470867236,120.97999999999999,,,,,,,,
-0.14106055707131104,,,,98.84,,,,,
-0.1409955575153582,,,,98.8,,,,,
-0.1408468999403707,,,,98.0,,,,,
-0.14050211866227746,,100.72,,,,,,,
-0.14026407403063235,125.33,,,,,,,,
-0.14019472951652123,,102.06,,,,,,,
-0.1396490874442231,,100.33000000000001,,,,,,,
-0.13897391521476143,109.25,,,,,,,,
-0.13896403022236248,109.32999999999998,,,,,,,,
-0.13892872482519736,109.23000000000002,,,,,,,,
-0.13892413491090638,109.21,,,,,,,,
-0.13891213028833527,109.24,,,,,,,,
-0.13887646752364857,109.25,,,,,,,,
-0.13859494580839282,,105.84,,,,,,,
-0.1383501867933702,,100.87,,,,,,,
-0.13833463061841722,,,99.66,,,,,,
-0.13832437737781433,,100.86,,,,,,,
-0.1382800027821246,,100.86,,,,,,,
-0.1382457021543242,,100.86,,,,,,,
-0.13821917917839044,,100.85000000000001,,,,,,,
-0.13815693218341574,,100.89,,,,,,,
-0.13812916570903233,,105.58999999999999,,,,,,,
-0.13802586579144827,,100.54000000000002,,,,,,,
-0.13782556322571482,,100.66,,,,,,,
-0.13781795272409503,,100.66,,,,,,,
-0.13775830297695102,116.38,,,,,,,,
-0.1376611110825946,,100.62,,,,,,,
-0.13695319820486274,,,99.98,,,,,,
-0.1368221202073847,,,,98.30999999999999,,,,,
-0.1367793649162471,109.96,,,,,,,,
-0.13675559043245678,,,,98.3,,,,,
-0.1359290573068308,119.38,,,,,,,,
-0.1356993221413254,,97.73,,,,,,,
-0.13557177707713353,118.09,,,,,,,,
-0.13538474966918168,,101.39,,,,,,,
-0.1351659441527232,,101.13,,,,,,,
-0.13463315554165478,118.43999999999998,,,,,,,,
-0.13457520417843583,,102.41,,,,,,,
-0.13438810204080365,,,97.61,,,,,,
-0.13435920012316838,,102.30999999999999,,,,,,,
-0.13432583563320966,106.68,,,,,,,,
-0.13430513765166674,,102.28666666666666,,,,,,,
-0.13412238149330902,,102.21,,,,,,,
-0.13376860773309507,117.69,,,,,,,,
-0.1336871327581154,,,,99.96,,,,,
-0.13313391285395226,,,,103.47,,,,,
-0.13287655197032133,,101.71999999999998,,,,,,,
-0.13205100068319986,118.18,,,,,,,,
-0.12986766530235438,,98.6,,,,,,,
-0.12941585669521705,120.22999999999999,,,,,,,,
-0.12922651679411068,120.07999999999998,,,,,,,,
-0.12912179397592816,119.99999999999999,,,,,,,,
-0.12902661881290067,119.90999999999998,,,,,,,,
-0.12897640417817569,120.02,,,,,,,,
-0.12894750104370756,119.91,,,,,,,,
-0.12865420642181857,119.72000000000001,,,,,,,,
-0.12860123692979664,119.67,,,,,,,,
-0.12848081132626332,119.56,,,,,,,,
-0.12843577879036017,119.59,,,,,,,,
-0.1284048501364773,119.63000000000001,,,,,,,,
-0.12840286049880256,119.46999999999998,,,,,,,,
-0.12830083417459226,119.38,,,,,,,,
-0.12827785686696003,119.53,,,,,,,,
-0.12813779574551998,119.44,,,,,,,,
-0.12792146309861963,119.27,,,,,,,,
-0.12768944248763026,119.09,,,,,,,,
-0.12763871115681547,118.94,,,,,,,,
-0.12744062129551803,118.94,,,,,,,,
-0.1272892294400252,118.81,,,,,,,,
-0.12716408754045438,118.67,,,,,,,,
-0.12709206934048067,118.68,,,,,,,,
-0.1263334335969727,118.04000000000002,,,,,,,,
-0.12627818220927634,117.85,,,,,,,,
-0.1261014762642919,117.77499999999999,,,,,,,,
-0.12570854037040813,117.23999999999997,,,,,,,,
-0.12541888791181055,117.17500000000001,,,,,,,,
-0.1253250875091424,116.93,,,,,,,,
-0.12505760037464209,116.88,,,,,,,,
-0.1229907768527767,,,,104.52,,,,,
-0.120757655688698,,99.25,,,,,,,
-0.12040134829907612,,97.15,,,,,,,
-0.12038605837034344,,97.14,,,,,,,
-0.11991903255099468,115.60000000000001,,,,,,,,
-0.11971923235325255,111.39,,,,,,,,
-0.11971848597181378,115.17,,,,,,,,
-0.11968731293355395,,,,105.12,,,,,
-0.11966406380674866,,,,105.11,,,,,
-0.11958409152483629,115.03,,,,,,,,
-0.11958321069194155,115.47,,,,,,,,
-0.11954429289658819,,,,96.95,,,,,
-0.11952934231357504,,,97.54,,,,,,
-0.11951978609133429,,,,104.98,,,,,
-0.11950128552812311,,,,104.99,,,,,
-0.11944683650269095,,,,104.96,,,,,
-0.1194424309472758,,,,104.98,,,,,
-0.11932839983771626,114.83,,,,,,,,
-0.11930372152223545,115.1,,,,,,,,
-0.11924519313051285,115.29500000000002,,,,,,,,
-0.11924395901441798,114.84000000000002,,,,,,,,
-0.11923020720109379,114.75000000000001,,,,,,,,
-0.11916760499784296,,,97.53999999999999,,,,,,
-0.11913428517547042,114.66999999999999,,,,,,,,
-0.1189901865518257,115.2,,,,,,,,
-0.11897219296030748,114.71,,,,,,,,
-0.11885151105951497,114.99,,,,,,,,
-0.1188227639970284,,,,98.08999999999999,,,,,
-0.11879645219440715,114.33,,,,,,,,
-0.1187837453252979,114.32,,,,,,,,
-0.11876821420982253,114.34,,,,,,,,
-0.11876803771672795,114.32,,,,,,,,
-0.11869795596679256,,,,98.04000000000002,,,,,
-0.11868464102346732,,,,98.02,,,,,
-0.11852390531687484,,,,98.01000000000002,,,,,
-0.11848820727547749,114.52,,,,,,,,
-0.11819953982040532,113.77,,,,,,,,
-0.11804417476195217,113.76,,,,,,,,
-0.11801111506447037,113.76,,,,,,,,
-0.11784878604966065,113.81,,,,,,,,
-0.11783961442029778,,,,97.7,,,,,
-0.11780422311319338,,,,97.65,,,,,
-0.11774407159105837,113.69,,,,,,,,
-0.11772390412786915,114.01,,,,,,,,
-0.11769347428046395,114.02000000000001,,,,,,,,
-0.11766304233392566,113.86,,,,,,,,
-0.11757828183667252,113.83,,,,,,,,
-0.1175071341525542,113.54,,,,,,,,
-0.11741402308764681,113.53750000000001,,,,,,,,
-0.11740393192536525,113.52,,,,,,,,
-0.11739419462019662,113.52,,,,,,,,
-0.11724899476729278,113.54,,,,,,,,
-0.11724013957235901,113.68000000000002,,,,,,,,
-0.11722561666806441,113.71,,,,,,,,
-0.11714077210453777,113.62000000000002,,,,,,,,
-0.11713050597881325,,96.65,,,,,,,
-0.11712447441316365,113.64,,,,,,,,
-0.11708549923296796,113.42,,,,,,,,
-0.11706140376400731,113.32000000000001,,,,,,,,
-0.11705570873938265,105.97000000000001,,,,,,,,
-0.11699637486875347,113.31,,,,,,,,
-0.11682161763755394,113.17,,,,,,,,
-0.11674963867030674,113.15,,,,,,,,
-0.11674502878006021,113.14,,,,,,,,
-0.11652653572786764,,,,,102.11173333333332,,,,
-0.1164574318657201,,97.83000000000001,,,,,,,
-0.1163356205513022,112.61999999999999,,,,,,,,
-0.11624137456602934,112.59,,,,,,,,
-0.11619433279702396,,,,106.24,,,,,
-0.1161023649886539,109.47,,,,,,,,
-0.11603861545128336,,,,106.28,,,,,
-0.11598782233042892,,104.46,,,,,,,
-0.11596011453138555,,,,106.16500000000002,,,,,
-0.11552133699479417,,96.2,,,,,,,
-0.1155116512386628,,96.2,,,,,,,
-0.1153595299503074,,,,105.66,,,,,
-0.11534138774788028,,,100.62000000000002,,,,,,
-0.11436668045021381,,,,97.58,,,,,
-0.1141666099599079,,101.63,,,,,,,
-0.11396735815473236,110.47,,,,,,,,
-0.11359903694645845,110.2,,,,,,,,
-0.11328937398229799,109.89,,,,,,,,
-0.1131723136427355,109.85999999999999,,,,,,,,
-0.11254054832489013,112.96999999999998,,,,,,,,
-0.11233984795188556,,96.41,,,,,,,
-0.11233322203874874,112.95000000000002,,,,,,,,
-0.11230313556724947,,96.33,,,,,,,
-0.11223149290178636,,96.29,,,,,,,
-0.1122051613163576,,96.28,,,,,,,
-0.11217882816887081,111.25,,,,,,,,
-0.11213153206345272,,,97.41,,,,,,
-0.11190967475508395,115.03000000000002,,,,,,,,
-0.11180533841326856,114.97,,,,,,,,
-0.10996917459148092,113.65,,,,,,,,
-0.10979792817606904,,,,,102.37000000000002,,,,
-0.10970444413284097,113.46,,,,,,,,
-0.10967183718002316,113.50000000000001,,,,,,,,
-0.10957418218436021,113.51,,,,,,,,
-0.10942351364808456,113.36,,,,,,,,
-0.10929587409654262,113.37,,,,,,,,
-0.10924141784472863,113.28,,,,,,,,
-0.10922338450575053,113.3,,,,,,,,
-0.10840715316835614,107.72,,,,,,,,
-0.10819825239286618,,96.22,,,,,,,
-0.10817366939511475,,96.22,,,,,,,
-0.10751756212742669,106.89,,,,,,,,
-0.10701293187340777,115.9,,,,,,,,
-0.10677835455986606,,104.99,,,,,,,
-0.10636872729237234,,100.75,,,,,,,
-0.10626090640987651,,,,97.9,,,,,
-0.10614452505395633,,,,97.79,,,,,
-0.10604627632719121,108.51,,,,,,,,
-0.10599033209817776,,,,97.78600000000002,,,,,
-0.10595418259016454,108.46,,,,,,,,
-0.10588859737696166,,,,97.64,,,,,
-0.1056245241007765,,,,97.63,,,,,
-0.10556198150546114,,,,97.54000000000002,,,,,
-0.10533919336161679,,,,97.45,,,,,
-0.10522621101531615,,,,97.40000000000002,,,,,
-0.10512266429388584,108.19,,,,,,,,
-0.10509663735993746,,,,97.37000000000002,,,,,
-0.10506842463771027,92.54,,,,,,,,
-0.10505258833029252,,,,97.34000000000002,,,,,
-0.1050365694261779,108.32000000000001,,,,,,,,
-0.1049446316714936,,,,97.25000000000001,,,,,
-0.10478273890907197,,,,97.24,,,,,
-0.10459673580740048,,,,97.12,,,,,
-0.1045251194950173,,,,97.03,,,,,
-0.10447900929326914,,,,98.49,,,,,
-0.10438440472705912,,,95.76,,,,,,
-0.10432679369755471,,,,97.01,,,,,
-0.1042290567735552,,,,96.98,,,,,
-0.10411834759515837,,,,98.31,,,,,
-0.10404957375158475,104.03,,,,,,,,
-0.10402549128929517,,,,98.27999999999999,,,,,
-0.10391491427724231,111.37,,,,,,,,
-0.10375064061459893,,,,,,,100.78,,
-0.10366081221368073,103.62000000000002,,,,,,,,
-0.10353169799857331,103.61,,,,,,,,
-0.10314376646189816,103.3,,,,,,,,
-0.10312914165789833,103.22999999999999,,,,,,,,
-0.1030408342698742,103.18,,,,,,,,
-0.10296201941190186,103.17,,,,,,,,
-0.10294976620628282,,,,98.03,,,,,
-0.1028736791089252,93.93,,,,,,,,
-0.1028338013890171,103.02,,,,,,,,
-0.10275842647482558,102.78,,,,,,,,
-0.10229876802747295,,,,105.68,,,,,
-0.1022555421437975,102.66,,,,,,,,
-0.10198198698322891,,93.99,,,,,,,
-0.10155840819836126,,,,98.31,,,,,
-0.1010172602642887,,,,98.04000000000002,,,,,
-0.10098254435016563,,,,98.07999999999998,,,,,
-0.10096362396659342,,95.25,,,,,,,
-0.10094764205129414,,95.25999999999999,,,,,,,
-0.10093349666374818,,,,97.95000000000002,,,,,
-0.10091530908283963,,95.25,,,,,,,
-0.10091126729826294,,95.22,,,,,,,
-0.10079201830296969,,95.17999999999999,,,,,,,
-0.10071648370334751,,,,,102.65,,,,
-0.10070710991178144,,,,97.91999999999999,,,,,
-0.10068339886081112,,,,104.68,,,,,
-0.10065582629903114,,,,97.9,,,,,
-0.1004482425518648,,,,97.79,,,,,
-0.10044309311006883,,,,104.62,,,,,
-0.10029318173546087,,,,104.49,,,,,
-0.10028692667829209,,,,97.79,,,,,
-0.10023798705242459,,,,97.69,,,,,
-0.10014984550186379,,,95.43999999999998,,,,,,
-0.10011837533735335,100.59,,,,,,,,
-0.1001163508654529,,,,97.8,,,,,
-0.10006757674378264,,,,97.66,,,,,
-0.09988071373731378,94.89999999999999,,,,,,,,
-0.09980594680466914,,,,97.58,,,,,
-0.0997184574084986,,,,,102.16000000000001,,,,
-0.09971569430846394,,,,104.81999999999998,,,,,
-0.09969248359854554,,,,97.53,,,,,
-0.09964734823635235,,,,97.5,,,,,
-0.09961584291406878,,,,97.51,,,,,
-0.09957862325980782,,,,104.85999999999999,,,,,
-0.09954490180741804,,,,97.49,,,,,
-0.09954232192016876,,,,104.76,,,,,
-0.0984325224894983,,95.32,,,,,,,
-0.09830854979734482,,95.28,,,,,,,
-0.09830540846662539,,95.29,,,,,,,
-0.09822298691091169,,,,96.16000000000001,,,,,
-0.09819840536883484,,,,96.06777777777778,,,,,
-0.09818860934329898,,,,96.13,,,,,
-0.0981616229647404,,95.19999999999999,,,,,,,
-0.09815459884789246,,,,96.10999999999999,,,,,
-0.09752457143185322,,96.29,,,,,,,
-0.09749180666141288,101.67999999999999,,,,,,,,
-0.09741830866447654,,,,94.4,,,,,
-0.09735294648615911,,,,94.38,,,,,
-0.09733998402291766,,,,99.04,,,,,
-0.09686177941628948,,,,94.77,,,,,
-0.09675276460371152,99.24,,,,,,,,
-0.09636952079038097,101.81,,,,,,,,
-0.09610852121094349,,,,96.94,,,,,
-0.0959374717480459,93.15,,,,,,,,
-0.09574294273607231,,92.85,,,,,,,
-0.09528127499542505,98.79,,,,,,,,
-0.09520481170081141,99.27,,,,,,,,
-0.09506357178408209,98.79,,,,,,,,
-0.09481950803851702,,,,96.87,,,,,
-0.09480889358491051,,,,96.27,,,100.6,,
-0.09478263570905576,,96.59,,,,,,,
-0.0947790972972572,98.57,,,,,,,,
-0.09464554858821295,103.69,,,,,,,,
-0.094139307786552,99.93000000000002,,,,,,,,
-0.09398784749426903,,97.79,,,,,,,
-0.09383204424076719,,,,97.66999999999999,,,,,
-0.0938118885289766,,,,97.7,,,,,
-0.0925885520146803,,,,96.68,,,,,
-0.09257245808922154,,,,96.65,,,,,
-0.09257208380509263,,,,,,,99.64,,
-0.09248280822119825,,,,96.89999999999999,,,,,
-0.09208188100825121,,98.34,,,,,,,
-0.0920417875386037,,97.09,,,,,,,
-0.09181015034257323,,,,101.3,,,,,
-0.08661978950322702,98.09,,,,,,,,
-0.08399305746390329,,,102.56,,,,,,
-0.08333848955432954,,,,96.46000000000001,,,,,
-0.08284934528992072,,,,96.94,,,,,
-0.08233179490913589,107.19,,,,,,,,
-0.08153697272916283,,,,,97.97,,,,
-0.07969621608732846,95.67,,,,,,,,
-0.07876824614642475,102.16000000000001,,,,,,,,
-0.07874201384483248,,95.77,,,,,,,
-0.07873969915826129,101.99,,,,,,,,
-0.07871172910942204,102.22000000000001,,,,,,,,
-0.07867179651042755,99.4,,,,,,,,
-0.07839468082922696,99.13,,,,,,,,
-0.07836939247995511,,,,97.07,,,,,
-0.0781195482545296,,,,104.18,,,,,
-0.07789473943047098,,,,,,97.34,,,
-0.0775014125759621,,,,97.18,,,,,
-0.0772242906663243,,,,104.88,,,,,
-0.07705054721463289,98.8,,,,,,,,
-0.07700253215964414,,,,95.29333333333332,,,,,
-0.0768867333727894,,,,95.25,,,,,
-0.07666648060097259,,,,97.45,,,,,
-0.07644515343604386,,,,93.75,,,,,
-0.0763959121283071,,,,103.45,,,,,
-0.07635364571612824,,,,96.89,,,,,
-0.07625643683592132,,,,103.45,,,,,
-0.07625309781535872,,,,103.44999999999999,,,,,
-0.07615699787978025,,,,96.37,,,,,
-0.07609686200498744,,,,,,,98.02,,
-0.07583741207590644,,,,,96.98,,,,
-0.07583553006558152,,100.74,,,,,,,
-0.07553372694585969,,,,95.19,,,,,
-0.07543271324986878,,,,95.16,,,,,
-0.07539751374391446,,100.02,101.21,,,,,,
-0.07539528359134151,102.91,,,,,,,,
-0.07533342636039475,,,,95.10999999999999,,,,,
-0.0751649201646627,,,,94.99,,,,,
-0.07511140886268464,95.46,,,,,,,,
-0.07505138194681082,,,,94.99,,,,,
-0.07492466669133535,,,,103.75999999999999,,,,,
-0.07485203940457474,,,,94.19,,,,,
-0.0747765585388872,,,,94.79,,,,,
-0.07463314987935532,,,,94.73,,,,,
-0.0746269137117761,,99.62999999999998,,,,,,,
-0.07421346383435024,99.98,,,,,,,,
-0.07406043439192078,,,,94.47999999999999,,,,,
-0.0739769609494072,99.84000000000002,,,,,,,,
-0.07395188717029799,,,,94.29249999999999,,,,,
-0.07394623500213837,,,,94.47,,,,,
-0.07373940463593431,99.57,,,,,,,,
-0.07350321927419445,,98.45,101.18,,,,,,
-0.073413842439078,98.73,,,,,,,,
-0.07314936893057655,,,,96.57,,,,,
-0.07295330739709527,99.53,,,,,,,,
-0.07275824186899682,,,,103.45,,,,,
-0.07275674660175424,,97.28,,,,,,,
-0.07258625451862188,,,,103.38000000000001,,,,,
-0.07253513036678072,101.75,,,,,,,,
-0.07169020107823187,101.12,,,,,,,,
-0.07156366193016428,,,,95.74931034482759,,,,,
-0.07151527019749715,,,,95.67,,,,,
-0.07138946727724216,,,,95.54,,,,,
-0.0710451966069503,,,,95.5,,,,,
-0.07095650480911286,102.21,,,,,,,,
-0.07078065737016381,105.23,,,,,,,,
-0.07067908014125679,,,,95.31,,,,,
-0.07032996102569655,,,,95.12,,,,,
-0.06969915081734013,105.11,,,,,,,,
-0.06956423243094545,94.92,,,,,,,,
-0.06771622044527992,,,93.76,,,,,,
-0.06758243584764467,,102.76999999999998,,,,,,,
-0.06753593939470115,,,98.79000000000002,,,,,,
-0.06747872314948045,,,93.52999999999999,,,,,,
-0.06742733510366705,,,93.52,,,,,,
-0.0673546345479823,,,98.79,,,,,,
-0.06733326655980199,,,,103.33999999999999,,,,,
-0.06715888231033107,,,,103.23,,,,,
-0.0671125327955574,,,,103.22,,,,,
-0.06709928923106068,,,,103.19,,,,,
-0.06708736970151263,,,,103.21,,,,,
-0.06699386908948568,,,93.40999999999997,,,,,,
-0.06684190244638,,,93.37999999999998,,,,,,
-0.06596462401928815,99.45,,,,,,,,
-0.06587073437993718,,,,103.53000000000002,,,,,
-0.06572578483096136,103.44000000000001,,,,,,,,
-0.06554358548488548,90.55,,,,,,,,
-0.06537346863474625,104.47,,,,,,,,
-0.06506706416221164,102.74000000000001,,,,,,,,
-0.06431625622356829,102.34,,,,,,,,
-0.06415502150002117,,89.97,,,,,,,
-0.06398230356803847,102.05999999999999,,,,,,,,
-0.0639598284116274,,91.57999999999998,,,,,,,
-0.06395563800885462,,93.25,,,,,,,
-0.06392897093031413,101.96,,,,,,,,
-0.06387791828427547,101.92,,,,,,,,
-0.06352897298851112,92.33999999999999,,,,,,,,
-0.06325207112930664,,,,102.35,,,,,
-0.0630469590679843,,,,102.87,,,,,
-0.06301241508550015,,,,102.87,,,,,
-0.06251611300430782,90.06,,,,,,,,
-0.06236228446053016,93.72,,,,,,,,
-0.06223784706118585,,91.37,,,,,,,
-0.06222924417715714,89.36,,,,,,,,
-0.06217704996374085,,,,102.99,,,,,
-0.06214989902820378,,,94.04,,,,,,
-0.06205696209629452,,,94.01,,,,,,
-0.06200264474471695,85.27,,,,,,,,
-0.06189131276686388,90.31,,,,,,,,
-0.06187964242114996,,,,95.57,,,,,
-0.06187677261952762,,98.44,,,,,,,
-0.06183257545721388,,,,102.84,,,,,
-0.061811910420169536,84.95,,,,,,,,
-0.061759095633671546,,91.07,,,,,,,
-0.06144897587760645,88.59999999999998,,,,,,,,
-0.0612923066374389,97.82,,,,,,,,
-0.0612526522163519,103.15,,,,,,,,
-0.061222573923620294,,99.89,,,,,,,
-0.061200157636738806,,89.64,,,,,,,
-0.06118617086411693,93.12,,,,,,,,
-0.06117754867335212,91.14999999999999,,,,,,,,
-0.06113194423042101,92.01,,,,,,,,
-0.06112006335398534,,,94.74,,,,,,
-0.06106525412779196,92.45,,,,,,,,
-0.06084537799136058,,,94.62999999999998,,,,,,
-0.06079437195319648,92.39999999999999,,,,,,,,
-0.060760620551374434,94.09,,,,,,,,
-0.060704043158607224,101.89,,,,,,,,
-0.06068869896195894,,,94.5,,,,,,
-0.06068179390991002,,,94.53999999999999,,,,,,
-0.06067910858447412,,,94.52,,,,,,
-0.06067661505424993,,,94.5,,,,,,
-0.060673737887540935,,,94.5,,,,,,
-0.06067220339142265,,,94.52,,,,,,
-0.06066970982453712,,,94.53999999999999,,,,,,
-0.060667216244412736,,,94.49,,,,,,
-0.06060717451059683,,,94.48,,,,,,
-0.06051393155721452,,,,102.88,,,,,
-0.060443507429747134,,,,94.28,,,,,
-0.06021316408453414,95.8,,,,,,,,
-0.06010313529161526,94.97,,,,,,,,
-0.06002688731786232,103.45,,,,,,,,
-0.05994928222018725,99.92,,,,,,,,
-0.05915905591110937,87.27999999999999,,,,,,,,
-0.05913461656463059,95.23,,,,,,,,
-0.05912557176018585,99.76999999999998,,,,,,,,
-0.05904396821614166,92.87,,,,,,,,
-0.05881216775813769,92.4,,,,,,,,
-0.05868717146135949,,90.57,,,,,,,
-0.05859258363330466,92.17,,,,,,,,
-0.05853651547991101,91.41000000000001,,,,,,,,
-0.05844440277947216,92.11,,,,,,,,
-0.058425322791244905,91.43,,,,,,,,
-0.058339935189222536,92.09,,,,,,,,
-0.058015591070643135,91.8,,,,,,,,
-0.057914501235360794,91.62,,,,,,,,
-0.05783558206815331,91.63,,,,,,,,
-0.05775105250231627,95.0,,,,,,,,
-0.05773348852053095,91.62,,,,,,,,
-0.05766496343023075,,,97.97,,,,,,
-0.05750046254189256,91.4,,,,,,,,
-0.057444071087568216,94.77999999999999,,,,,,,,
-0.0573652662461559,91.27,,,,,,,,
-0.057302290161125424,90.69,,,,,,,,
-0.057233122679589465,,,,94.53,,,,,
-0.0570186003081089,92.64,,,,,,,,
-0.056385867614219376,91.69,,,,,,,,
-0.056157403398736205,89.43,,,,,,,,
-0.056011166977464666,97.10000000000001,,,,,,,,
-0.055593902093009184,94.21,,,,,,,,
-0.05538309451980494,,92.43,,,,,,,
-0.05472660330183998,96.21,,,,,,,,
-0.05420048071288608,,,,95.35,,,,,
-0.05415244554025678,97.18,,,,,,,,
-0.054141165318646545,94.47,,,,,,,,
-0.053999361655221456,96.98666666666665,,,,,,,,
-0.05391239105338419,96.87,,,,,,,,
-0.05366384329331564,87.2,,,,,,,,
-0.053545459857570976,,,,101.27,,,,,
-0.053468338927472714,96.44,,,,,,,,
-0.053298472764631954,90.86,,,,,,,,
-0.05322150644395962,94.10999999999999,,,,,,,,
-0.05284506810249867,,,,94.98,,,,,
-0.05283317159430212,,,,94.95,,,,,
-0.05283219645742765,,,,94.98,,,,,
-0.05282712571331383,90.28999999999999,,,,,,,,
-0.052728820560891676,,,,94.90999999999998,,,,,
-0.0525278556810429,93.55,,,,,,,,
-0.05242656048350969,,,,96.71,,,,,
-0.05240938304228904,95.11,,,,,,,,
-0.052367217591525406,,,,96.67000000000002,,,,,
-0.05208445597787481,,,,97.83,,,,,
-0.05159664735291347,,,,95.92,,,,,
-0.0511973888952143,,,,95.75,,,,,
-0.05040707603617611,92.3,,,,,,,,
-0.0501125513378029,,,,95.35999999999999,,,,,
-0.049349899995742796,,,96.56,,,,,,
-0.0477004761290597,91.91142857142857,,,,,,,,
-0.04699791914067386,91.01,,,,,,,,
-0.03985799917260813,91.98,,,,,,,,
-0.03835761515197189,92.63,,,,,,,,
-0.037765809350866375,92.01,,,,,,,,
-0.037715486358466555,91.85,,,,,,,,
-0.03763596530133706,91.98,,,,,,,,
-0.03724362850841956,,,,103.17,,,,,
-0.036222957771506636,,96.15000000000002,,,,,,,
-0.03622082911512625,,96.13999999999999,,,,,,,
-0.03619451040488264,,96.14,,,,,,,
-0.03612541695105986,97.5,,,,,,,,
-0.035950253356464845,,93.47,,,,,,,
-0.035748034533076956,,100.48,,,,,,,
-0.03571239157791206,,96.77999999999999,,,,,,,
-0.035381212320834576,,96.54,,,,,,,
-0.035363369182166315,,,,94.24,,,,,
-0.03524161871181042,,,,102.46,,,,,
-0.03519740564582374,,97.27,99.79,101.52,,,,,
-0.035195078530095514,93.92,,,,,,,,
-0.035160170446996264,,,,102.4,,,,,
-0.03488469586502374,,96.16,,,,,,,
-0.034832299095818864,,94.58,,,,,,,
-0.03473389423337969,,,,103.00999999999999,,,,,
-0.03469138178498832,,96.81,,,,,,,
-0.03457780277148581,,,,102.37090047393363,,,,,
-0.03445914726248045,,96.89,,,,,,,
-0.03442651673992614,,,,103.04,,,,,
-0.034306472497888096,,90.89,,,,,,,
-0.033818860359940306,,,,94.24,,,,,
-0.03356573276201669,,,,94.43,,,,,
-0.033449578531486335,,,,94.16999999999999,,,,,
-0.033418910780783184,,,,94.36,,,,,
-0.033402865288089,,,,94.12,,,,,
-0.033256603330262924,,,,94.07,,,,,
-0.033220437299616545,,,,93.98999999999998,,,,,
-0.033203572438903706,,,,94.07999999999997,,,,,
-0.033057046901567966,,,,93.97999999999999,,,,,
-0.033036314321215565,,,,93.87,,,,,
-0.03300915822624251,83.7,,,,,,,,
-0.03299220381497181,,,,94.07,,,,,
-0.0329381273813899,,,,93.88,,,,,
-0.03258827178545709,88.79,,,,,,,,
-0.03236079984214857,,,,93.58,,,,,
-0.032314184864594364,,,,93.445,,,,,
-0.032295659761885864,90.3,,,,,,,,
-0.031638679971951245,90.7,,,,,,,,
-0.030056135501157932,,,,,,,,,91.66999999999999
-0.030000272812423345,,,,,,,,,91.66
-0.028540665692508793,,,,101.84,,,,,
-0.028503308148631,,,,101.82,,,,,
-0.028372534115763348,,,,101.75,,,,,
-0.02811520965275971,,,,102.14,,,,,
-0.02803826127384501,,,,101.94,,,,,
-0.02791740214165994,,,,101.92999999999999,,,,,
-0.027741374344282477,,,,101.81,,,,,
-0.027545975802912848,,,,101.78999999999999,,,,,
-0.027522136533865926,,,,,,,,,93.18
-0.02748529172807357,,,,101.16,,,,,
-0.027405090440182356,,,,101.76000000000002,,,,,
-0.02712773245364064,88.58999999999999,,,,,,,,
-0.027078631302326128,,,,100.43,,,,,
-0.026705379460198575,,,,100.73,,,,,
-0.02616827852723369,91.17999999999999,,,,,,,,
-0.026114338234548118,82.09,,,,,,,,
-0.02596513158094993,97.9,,,,,,,,
-0.025940819411051308,91.81999999999998,,,100.33000000000001,,,,,
-0.025869457171843302,91.97999999999999,,,,,,,,
-0.02581054085172174,,,,100.8575,,,,,
-0.025723537281196363,,,,100.69,,,,,
-0.02567943635555392,,,,100.68,,,,,
-0.025620101457306865,,,,100.63,,,,,
-0.025612782985900084,,,,100.74999999999999,,,,,
-0.025580936465441018,,,,100.74,,,,,
-0.025481031698868728,,,,100.7,,,,,
-0.025457288939935152,,,,100.68,,,,,
-0.025422464134023937,,,,100.7,,,,,
-0.025298578458895493,81.76999999999998,,,,,,,,
-0.02522870571492164,88.31,,,,,,,,
-0.024668418389856228,92.27,,,,,,,,
-0.02447104017747148,92.11,,,,,,,,
-0.024343055927769752,92.09999999999998,,,,,,,,
-0.024143701345685553,83.12,,,,,,,,
-0.023753103905821416,,99.08,,,,,,,
-0.02356642769133055,,,,,100.48000000000002,,,,
-0.02341266409973397,,,,,96.4,,,,
-0.02339676846059857,,,,,101.37125000000002,,,,
-0.02324076504667072,,,,,101.38,,,,
-0.02319703540300244,,,,,100.29,,,,
-0.023172187270102063,83.86,,,,,,,,
-0.0231642356005759,,90.49,,,,,,,
-0.023161054896517097,97.89000000000001,,,,,,,,
-0.02315350064136079,94.34,,,,,,,,
-0.023150319867392688,,,,101.16,,,,,
-0.02308133173552862,,,,,100.24000000000001,,,,
-0.02290513915255754,,90.5,,,,,,,
-0.02272112308888541,,,,,100.1,,,,
-0.022619834953069407,,,,101.61,,,,,
-0.022450642921992725,88.27,,,,,,,,
-0.022409829017442484,,,92.81,,,,,,
-0.022350493458404563,,90.22,,,,,,,
-0.022131407203835662,,,,,100.73,,,,
-0.022064068250148727,80.45,,,,,,,,
-0.022046136195967292,94.82,,,,,,,,
-0.021941120855475504,,,,101.04,,,,,
-0.021753352227080303,,,,101.11,100.56,,,,
-0.02172723431894996,,,,94.6,,,,,
-0.021657845621276706,,,99.43,,,,,,
-0.0216576462142839,79.23,,,,,,,,
-0.02156890203519779,,,,102.77,,,,,
-0.021563517038859836,,,,102.42,,,,,
-0.021536391711597824,,,,,100.86,,,,
-0.021485328191782394,78.92,,,,,,,,
-0.02144682756119476,,,,,,,,93.30907692307693,
-0.02143405984379243,,,,102.86999999999999,,,,,
-0.02139336052092866,,,,102.69,,,,,
-0.021211369200906716,,,,,100.71,,,,
-0.021150291156806666,,,,102.52999999999999,,,,,
-0.02113272481777262,,,,101.95,,,,,
-0.021110566377268936,,,,,100.71,,,,
-0.021092399700209596,,,,,100.67999999999999,,,,
-0.021088806211680966,,95.89,,,,,,,
-0.021085412337178977,,,,101.92,,,,,
-0.021031506469350036,,,99.61,102.63999999999999,,,,,
-0.020868155409438205,,,,102.63999999999999,,,,,
-0.02076468485759464,,,,102.25000000000001,,,,,
-0.020733919124862554,,,,102.22,,,,,
-0.020701153491628932,85.93,,,,,,,,
-0.02065639688878851,,,99.28,,,,,,
-0.02057786314167198,,,99.52,,,,,,
-0.020511109546649697,,,99.36,,,,,,
-0.020466535463600888,,,,,,,,92.6,
-0.02038957065919822,89.88,,,,,,,,
-0.020368378225972927,,,,102.05,,,,,
-0.020349984050073155,,,,,,,98.9,,
-0.02032459095490191,,,,102.01,,,,,
-0.020320991827027846,,,,102.02,,,,,
-0.020316392902927083,,,,102.0,,,,,
-0.020308394671212482,,,,102.02,,,,,
-0.02029579719143293,,,,102.04,,,,,
-0.020292997707485605,,,,102.02,,,,,
-0.02028819855492514,89.83,,,,,,,,
-0.020228605160700797,,,,101.95,,,,,
-0.020210405732912218,,,,101.98,,,,,
-0.020175804956195642,,,,,100.63,,,,
-0.020113597414079698,,,,94.65,,,,,
-0.02001416896180719,,,,,97.86,,,,
-0.02000316457311435,,,,101.96999999999998,,,,,
-0.019820055298485184,,,94.19999999999999,,,,,,
-0.01934705675406334,,,92.18999999999998,,,,,,
-0.01923785382271459,92.05,,,,,,,,
-0.019158491114291132,97.4,,,,,,,,
-0.0191135933894796,97.41,,,,,,,,
-0.01900574188201698,,95.99,,,,,,,
-0.018968248907375918,,,,,103.58,,,,
-0.018784552071059557,91.88,,,,,,,,
-0.01877111303041301,,95.81,,,,,,,
-0.018365763051900852,,,,,97.4,,,,
-0.01831256109981716,,,,95.52,,,,,
-0.018173405713044377,88.81,,,,,,,,
-0.01773881838891156,,,,,98.3,,,,
-0.017727360815548154,88.98,,,,,,,,
-0.01768394021706321,88.94,,,,,,,,
-0.01766591988375854,86.26,,,,,,,,
-0.017633680101822313,88.78,,,,,,,,
-0.017611161901978423,88.99,,,,,,,,
-0.01757074718656826,,,,,98.29,,,,
-0.017473617631435956,88.80999999999999,,,,,,,,
-0.017340259446737893,86.26999999999998,,,,,,,,
-0.01725596162220744,,,,,,,101.55000000000001,,
-0.017247913340921017,,,,,,,101.54,,
-0.01717084437309835,85.98,,,,,,,,
-0.017164807128831283,,,,,97.42,,,,
-0.017149512444730064,86.31,,,,,,,,
-0.017079674088192887,85.99,,,,,,,,
-0.017032572878331376,,,,,97.39,,,,
-0.017004591817300407,,,,,,,101.48,,
-0.016956074115777597,86.07,,,,,,,,
-0.01687872801678081,86.7,,,,,,,,
-0.016722880756140035,,,,,,,101.41,,
-0.016686623148221225,,,,,,,,94.92,
-0.016644722137601375,,,,,,,101.39,,
-0.01663968571804353,,,,94.89,,,,,
-0.016517990139773286,,,,,,,101.36,,
-0.016443023568893822,,,,,97.71000000000001,,,,
-0.016259186192213892,,,,,,,99.21,,
-0.016092423358211816,,,,,97.63,,,,
-0.016089801483818666,,,,,96.92,,,,
-0.015954856929061623,,,,,,,99.07,,
-0.015943559442851862,,,,,97.3,,,,
-0.015874760221985862,,,,,97.31000000000002,,,,
-0.015767204338005936,,,,,,,99.06,,
-0.015708068856141955,,,,,,,99.11000000000001,,
-0.015645898298995098,83.74,,,,,,,,
-0.015607340534028902,,,,,96.77,,,,
-0.015602697248609632,,,,,,,99.08000000000001,,
-0.01559704449419319,87.08,,,,,,,,
-0.015511841546630989,,,,,,,99.0,,
-0.015507803126172948,,,,,96.78,,,,
-0.01549609151948328,87.12,,,,,,,,
-0.015416727946719222,,,,,,,98.97,,
-0.015313515970794223,87.78,,,,,,,,
-0.015307657890801352,85.13,,,,,,,,
-0.015000111838529007,,,,,96.53,,,,
-0.014728373954919327,,,,,,,98.46,,
-0.01464524560172531,,,,,96.39,,,,
-0.014600540614778335,,90.50999999999999,,,,,,,
-0.014594674048447387,,90.58,,,,,,,
-0.01459366256443384,,90.5,,,,,,,
-0.014589009711225343,,90.5,,,,,,,
-0.014582333801612002,,90.49,,,,,,,
-0.014568981711016171,,90.44,,,,,,,
-0.014544906572698024,,90.46,,,,,,,
-0.014542074126145166,,90.44999999999999,,,,,,,
-0.014532969723373257,,90.53999999999999,,,,,,,
-0.01452851862079163,,,,,96.38,,,,
-0.014288301778922041,,,,,,,,95.08,
-0.014270893144500474,,,,,,,98.79,,
-0.013910639349526077,,,,,,,98.53000000000002,,
-0.013744092481216552,,92.05,,,,,,,
-0.013577489345095617,,,94.56,,,,,,
-0.013217337031301346,83.63,,,,,,,,
-0.01313719983437156,83.67,,,,,,,,
-0.0128619968732403,89.25,,,,,,,,
-0.012597574267368405,84.7,,,,,,,,
-0.012230685747287362,85.86,,,,,,,,
-0.012001912599630793,,89.91,,,,,,,
-0.011913848768474122,,,,96.15,,,,,
-0.011872557086489821,,89.80999999999999,,,,,,,
-0.011778570047708437,,,,96.23,,,,,
-0.0117303489786027,,,,96.3,,,,,
-0.011654040203854521,,,,96.14999999999999,,,,,
-0.011624938020647124,,,,96.10999999999999,,,,,
-0.011525013157812403,86.48999999999998,,,,,,,,
-0.01143986003602393,88.00999999999999,,,,,,,,
-0.011366402852537538,,,,96.03,,,,,
-0.011361559171167546,93.39,,,,,,,,
-0.01111302936870684,89.62,,,,,,,,
-0.011090414973244811,86.88,,,,,,,,
-0.011071670726423455,,,,100.15,,,,,
-0.01099689040938967,,90.77,,,,,,,
-0.01074192942067631,86.94,,,,,,,,
-0.010663989705853583,93.87,,,,,,,,
-0.010623430910597476,,,,,97.74000000000001,,,,
-0.010505545085696455,86.02,,,,,,,,
-0.010234178593344856,85.59,,,,,,,,
-0.01006761238207432,,,,95.23999999999998,,,,,
-0.010017360504073869,87.84,,,,,,,,
-0.00996674725812352,,,,95.38,,,,,
-0.009957149707885748,,,,95.2,,,,,
-0.009945101455875793,,,,95.36,,,,,
-0.009869946417461972,83.48,,,,,,,,
-0.009372982629355375,,,,100.38,,,,,
-0.008813097048142149,,,,94.92,,,,,
-0.00865424193751918,,,,94.82,,,,,
-0.007814904563162584,,,,,,,,,89.02
-0.0071577588297473405,89.2,,,,,,,,
-0.006493516101886421,85.53999999999999,,,,,,,,
-0.006464809294024931,86.59,,,,,,,,
-0.006296149004236251,,,,,,,98.56000000000002,,
-0.005682221719877534,85.26999999999998,,,,,,,,
-0.0052185423203379155,86.6,,,,,,,,
-5.6249683595410715e-06,,,,94.7,,,,,
0.0007631820025950642,,,,102.08,,,,,
0.0009837668460563886,,,,102.17,,,,,
0.0013474130790391836,91.7,,,,,,,,
0.0013905022402536105,79.85,,,,,,,,
0.0014669487865826003,89.18999999999998,,,,,,,,
0.001998987981022049,91.63,,,,,,,,
0.0032503304204962724,90.87999999999998,,,,,,,,
0.0037741909580022437,,,91.25,,,,,,
0.003946135779949955,,,,93.59,,,,,
0.0040664692002609915,,,89.43,,,,,,
0.0040694096448397055,,,91.34,,,,,,
0.004246355288702652,,,,103.2,,,,,
0.004249582533448537,,,,103.2,,,,,
0.004267937882412642,,,,103.21,,,,,
0.004271972114982869,,,,103.17999999999999,,,,,
0.004501371546172583,94.27,,,,,,,,
0.004509847410936185,,,,100.63,,,,,
0.00453689041185612,90.31,,,,,,,,
0.004544097079141496,,,,94.25,,,,,
0.004582570827256882,,,91.14,,,,,,
0.004601283168847337,,,91.05999999999999,,,,,,
0.004630299189368081,,,91.14999999999999,,,,,,
0.00469393004115215,90.08,,,,,,,,
0.004868377943557878,85.43,,,,,,,,
0.00487826527865054,88.23,,,,,,,,
0.004905546917834069,91.15,,,,,,,,
0.005000278385077106,91.29,,,,,,,,
0.005169385113763081,91.5,,,,,,,,
0.005485341490053974,83.08,,,,,,,,
0.0058808404218244625,,,,93.37,,,,,
0.005944292481656177,,88.49,,,,,,,
0.006390580184169492,,90.19,,,,,,,
0.006420560608457748,,93.91,97.44,,,,,,
0.006636460582318149,,90.4,,,,,,,
0.00678848108129082,,90.44000000000001,,,,,,,
0.006794453045825044,,,96.42,,,,,,
0.006936322815394025,,89.01999999999998,,,,,,,
0.0069705438039529,,87.41,,,,,,,
0.006996316701180616,,87.23,,,,,,,
0.007209733171256394,87.91,,,,,,,,
0.007263418479968031,,89.28999999999999,,,,,,,
0.007273353003143468,83.72,,,,,,,,
0.007379051552622862,84.83,,,,,,,,
0.007534891667959398,84.83,,,,,,,,
0.007892639276064317,,,,93.39,,,,,
0.008009051921286092,,86.38,,,,,,,
0.008035724786086496,,,,93.48,,,,,
0.008045005580537223,86.26,,,,,,,,
0.008189015276584,,,,93.52,,,,,
0.008277962068583111,85.14,,,,,,,,
0.008346377063985111,,,,93.61,,,,,
0.008351884557153966,84.1,,,,,,,,
0.00841098798226203,86.9,,,,,,,,
0.00844700421909006,84.19,,,,,,,,
0.008476649630806632,94.94,,,,,,,,
0.008503787982248712,,,,94.51,,,,,
0.008550830121379027,84.31,,,,,,,,
0.00862754788774489,,,,94.06,,,,,
0.008668454671595383,,,,94.08,,,,,
0.009028704764507456,,,,94.27,,,,,
0.009099130955419366,,86.91,,,,,,,
0.009193551414677481,95.99000000000001,,,,,,,,
0.00922186572020478,95.99,,,,,,,,
0.009328822575536577,,96.41,,,,,,,
0.009422751084971814,87.46,,,,,,,,
0.009572216909114806,89.35,,,,,,,,
0.009723842548510664,,,,,,,,98.3,
0.010230809453497525,,96.65,,,,,,,
0.010234942763876598,86.07,,,,,,,,
0.010357426569116646,86.24,,,,,,,,
0.010444969651285385,,97.54,,,,,,,
0.01075315007536437,88.0,,,,,,,,
0.010762515029828057,87.94999999999997,,,,,,,,
0.010916687120881008,87.88,,,,,,,,
0.011022461759655044,91.86,,,,,,,,
0.011109873063244402,87.91,,,,,,,,
0.011167289412298942,87.81,,,,,,,,
0.011482646013315057,86.4,,,,,,,,
0.011713748241356958,,,90.78,,,,,,
0.01176869106067957,96.95,,,,,,,,
0.01191743596987016,,,92.03,,,,,,
0.012059959492300099,,,,94.4,,,,,
0.012078755110744854,86.36,,,,,,,,
0.012201242477025032,,88.95,91.37,,,,,,
0.01221853207646717,,88.02,90.49,,,,,,
0.012230485725124973,,,90.57,93.32,,,,,
0.012268483126222529,86.25,,,,,,,,
0.012493751015130616,,,,95.06,,,,,
0.012722110529757025,,,93.61999999999999,,,,,,
0.012783650633527932,87.18999999999998,,,,,,,,
0.012868494219053117,,,,,101.29,,,,
0.012894552815158056,,,,,101.29,,,,
0.012912609951663878,,,,,101.29,,,,
0.013040464685713182,,,,,101.28,,,,
0.013154117627192985,83.98,,,,,,,,
0.013198737311205466,84.28,,,,,,,,
0.01332501280906162,84.23,,,,,,,,
0.014065082697007458,86.04,,,,,,,,
0.014215446541819388,84.74,,,,,,,,
0.01455849162207179,,87.25,,,,,,,
0.014843781713868243,85.77999999999999,,,,,,,,
0.014877683981466827,,87.51,,,,,,,
0.014906335309220697,,,,,101.28,,,,
0.015039931247962102,,91.02,,,,,,,
0.015184933193725048,,,,,101.26,,,,
0.015237230272090008,88.78,,,,,,,,
0.015342845742007505,,,,,101.18000000000002,,,,
0.015464509007677929,,,,,101.29,,,,
0.01547543950792507,,,,,101.13999999999999,,,,
0.015734953308695676,87.42999999999999,,,,,,,,
0.01575352456315482,87.48000000000002,,,,,,,,
0.015920696417700997,89.454,,,,,,,,
0.016042085276005924,87.79999999999997,,,,,,,,
0.016116006306422292,,,,,96.23,,,,
0.01613231993779629,82.01,,,,,,,,
0.016492592310233478,85.13,,,,,,,,
0.01669158598492726,92.95,,,,,,,,
0.016974525194933587,85.73,,,,,,,,
0.017081683457329078,,98.14,,,,,,,
0.017188243501031764,85.72,,,,,,,,
0.017273714583107003,,,,,96.06000000000002,,,,
0.017418199576753945,86.14,,,,,,,,
0.017576807715023124,83.95,,,,,,,,
0.017786428510070618,,,,,,,101.12000000000002,,
0.018134428652048173,88.1,,,,,,,,
0.018284727887845298,,,,103.94,,,,,
0.018382828436100063,84.3,,,,,,,,
0.01850086450353383,95.02,,,,,,,,
0.018811332442213002,,,,,101.16999999999999,,,,
0.01890828867628125,,,,,101.16,,,,
0.018991972381241506,,,,,101.17,,,,
0.01900692476345789,,,,,101.18000000000002,,,,
0.019016270225180154,,,,,101.17999999999999,,,,
0.019327883734646223,,,,,101.24,,,,
0.019414753989734468,,90.66,,,,,,,
0.0194214049543473,,,,,101.25,,,,
0.019597687144606635,,,,,101.3,,,,
0.01971870855480784,,,,,96.06,,,,
0.019855984096773804,,89.74999999999999,,,,,,,
0.019878034825571156,,,,100.55,,,,,
0.020098802689633377,82.11,,,,,,,,
0.020113579445935503,81.45999999999998,,,,,,,,
0.020122737087235443,,89.93999999999998,,,,,,,
0.020133143697382838,89.53,,,,,,,,
0.020211824540705692,84.63,,,,,,,,
0.02021286537393463,84.62,,,,,,,,
0.020218485910068473,89.51,,,,,,,,
0.020399416984589136,,,,95.07,,,,,
0.02044835643526377,,,,,101.3,,,,
0.020499799982039324,,,,,101.31,,,,
0.020554164993808355,,,,,101.31,,,,
0.020611660733170556,,,92.15999999999998,,,,,,
0.02065603687426143,,,,96.66,,,,,
0.02079502374675468,90.0,,,,,,,,
0.020903822488510304,86.79,,,,,,,,
0.020955103499323613,90.23999999999998,,,,,,,,
0.020980954417080033,90.20999999999998,,,,,,,,
0.021229106418404475,84.77,,,,,,,,
0.02142980152188967,,,,100.82,,,,,
0.021476126979288912,,,,95.45999999999998,,,,,
0.02175667355262534,,95.53,,,,,,,
0.022177782475252705,87.76,,,,,,,,
0.02246247818320679,87.39999999999999,,,,,,,,
0.022494260228470342,87.41,,,,,,,,
0.02258878166931888,87.52,,,,,,,,
0.02297646049326274,84.06,,,,,,,,
0.02298797191202384,83.75,,,,,,,,
0.023226002382888744,92.35,,,,,,,,
0.0236342824948097,,,,100.42000000000002,,,,,
0.023712665966856727,83.05,,,,,,,,
0.023897774046239162,,,,93.6,,,,,
0.023934258505719397,,,,93.6,,,,,
0.024144828826481612,90.78,,,,,,,,
0.024183848374907058,83.63,,,,,,,,
0.024236928124993007,84.01,,,,,,,,
0.02424699921235418,,,97.33,,,,,,
0.02432841443999867,,,97.33,,,,,,
0.024377941373211476,,,,94.67,,,,,
0.024620372924176737,91.09000000000002,,,,,,,,
0.025085692038425922,,,,,,,,95.05,
0.025286644513639933,,90.13,,,,,,,
0.02535602924725522,85.35999999999999,,,,,,,,
0.025688365104030497,,,,,,,,93.17,
0.026183903238246486,,,,,,,,92.65000000000002,
0.026248564791382156,82.57,,,,,,,,
0.026309021235770613,,,,,,,,,93.51
0.026362953552355073,86.74,,,,,,,,
0.026417312950327787,,,,,,,97.32,,
0.02645987742837308,,,94.5,,,,,,
0.026492119209403864,,,,,,,,92.06,
0.026500970248717115,87.05,,,,,,,,
0.02650581731111723,86.94,,,,,,,,
0.026619631061649995,87.04,,,,,,,,
0.026746331230009357,,89.56999999999998,,,,,,,
0.026824559425520533,87.24,,,,,,,,
0.026850919319091116,87.24999999999997,,,,,,,,
0.026865259669579533,87.27999999999999,,,,,,,,
0.027009950904816282,87.39,,,,,,,,
0.027061847199489897,,,,,,,100.54000000000002,,
0.0270856874993195,,,,,,,97.54,,
0.027158481103776166,87.53,,,,,,,,
0.027438357808284852,,,,94.99,,,,,
0.027452081176112086,,,,,,,,,93.9
0.02761235502444892,88.92,,,,,,,,
0.02788149102022186,89.47,,,,,,,,
0.02793241878871311,,,,,,,,,93.91
0.027973206906335202,84.48,,,,,,,,
0.02801230736334359,89.56999999999998,,,,,,,,
0.028410032839189192,,,,,,,100.75,,
0.028531039626832566,90.25,,,,,,,,
0.028645937805186428,85.86,,,,,,,,
0.0286486889049542,,,,,,,100.79,,
0.02881738059391159,,,,91.49,,,,,
0.028824154815812797,,,,,,,98.99000000000001,,
0.029037164912055324,,91.14999999999999,,,,,,,
0.02923204262832102,83.9,,,,,,,,
0.029299419701573015,86.08,,,,,,,,
0.029311921449501677,86.26000000000002,,,,,,,,
0.029344130741527197,,,,92.06,,,,,
0.029364050654593132,86.33000000000001,,,,,,,,
0.029464721582295406,84.3,,,,,,,,
0.02948612993926858,,,,95.09,,,,,
0.029554600266160413,,86.73999999999998,,,,,,,
0.02963728555486833,87.14,,,,,,,,
0.029642586346857014,,,,93.35,,,,,
0.02964661498527099,,,90.96,,,,,,
0.029650219583205795,84.59,,,,,,,,
0.029724649569256023,,,93.24,,,,,,
0.029869935666084757,,,,95.2,,,,,
0.029883299803765917,90.9,,,,,,,,
0.029897088563322294,,,,93.43,,,,,
0.029990649744881637,,,,93.49999999999999,,,,,
0.03013813328256809,,,,93.49000000000001,,,,,
0.030268675525741084,,,,93.68825641025641,,,,,
0.03038927076260145,,,,93.65999999999998,,,,,
0.03046104682064632,79.88658536585365,,,,,,,,
0.030487806134741335,90.4,,,,,,,,
0.030724240449000018,,,,,101.1,,,,
0.030844729837244067,90.52,,,,,,,,
0.030873209399007173,86.75999999999999,,,,,,,,
0.03109621199998025,86.75999999999998,,,,,,,,
0.031267621785487254,,,,92.07000000000001,,,,,
0.03129612471917809,,,,98.82000000000001,,,,,
0.031323565599088665,,,,98.83,,,,,
0.031538463284142004,,,,98.92,,,,,
0.03163594145342241,,,,,,,101.41,,
0.03183776703703445,,,,97.57999999999998,,,,,
0.031965332569403815,,,,97.63999999999999,,,,,
0.032080147215912236,,,,97.86,,,,,
0.032168231278542736,86.45999999999998,,,,,,,,
0.032178793184812315,87.57,,,,,,,,
0.03221501782016012,90.32,,,,,,,,
0.03237102588773588,90.50999999999999,,,,,,,,
0.03248273275877733,90.66,,,,,,,,
0.03252175058693707,90.94,,,,,,,,
0.03276381228650194,,,,,101.29000000000002,,,,
0.033439198844863016,,,,,,,101.67000000000002,,
0.03434137485483024,89.12,,,,,,,,
0.03470696891698877,89.55,,,,,,,,
0.034846949179883735,87.45,,,,,,,,
0.035023942849780054,89.4,,,,,,,,
0.03510817812058731,83.38,,,,,,,,
0.035630236923200664,83.82,,,,,,,,
0.03597048918526502,,,,102.61,,,,,
0.03634687725766672,,,,100.82000000000001,,,,,
0.036547830336158826,90.47,,,,,,,,
0.03706489892306797,91.66,,,,,,,,
0.037604622589629155,86.84,,,,,,,,
0.03785516850875981,,97.91,,,,,,,
0.03912360315310082,94.12,,,,,,,,
0.04013259855103413,83.11,,,,,,,,
0.04064302761009597,84.88,,,,,,,,
0.04067081640825676,,,,101.83,,,,,
0.04067227428919096,,,,101.83,,,,,
0.040732467510633974,,,,101.83,,,,,
0.04078785142462005,87.94,,,,,,,,
0.04102311751989851,,,,101.99,,,,,
0.04109877564781872,,,,102.02,,,,,
0.04114734437349954,93.29,,,,,,,,
0.041188412453974976,88.77,,,,,,,,
0.04121343013147505,,,,102.08,,,,,
0.04162869062065444,83.63,,,,,,,,
0.04407125143785673,89.97,,,,,,,,
0.04435097503217911,,,,102.84,,,,,
0.04470567193692809,,89.49999999999999,,,,,,,
0.04488141849757765,,,,,,,98.21,,
0.04490696670821914,,89.62,,,,,,,
0.04498361883679114,,89.67,,,,,,,
0.04546081821945469,,,91.72999999999999,,,,,,
0.04548158541009539,,90.7,,,,,,,
0.04568142980622891,,,91.78999999999999,,,,,,
0.0457354490095212,,,91.85,,,,,,
0.045798879489248545,,,91.86,,,,,,
0.04586563281508016,83.21,,,,,,,,
0.04592948301588318,,,91.9,,,,,,
0.0459332025219541,,88.67999999999999,,,,,,,
0.04603520471713596,,,100.13,,,,,,
0.04613137599470507,83.56,,,,,,,,
0.046331982626059975,83.7,,,,,,,,
0.04640230788053623,83.76,,,,,,,,
0.04641586868736547,,,,94.22999999999999,,,,,
0.046441710999169716,,,,94.23,,,,,
0.046645428137638945,,,,,,,97.47,,
0.046677383032796005,,93.79,,,,,,,
0.04685564826938671,84.25,,,,,,,,
0.04721779365453038,88.05,,,,,,,,
0.04727548141682969,88.09,,,,,,,,
0.04746767357639192,89.22,,,,,,,,
0.04755106654316732,89.28,,,,,,,,
0.04852819146292542,90.06,,,,,,,,
0.048733161802537506,88.29,,,,,,,,
0.04874462184222472,82.56,,,,,,,,
0.04905001178083168,,,,94.25,,,,,
0.049084568805260576,88.66,,,,,,,,
0.0497405424938,94.19,,,,,,,,
0.05010756251762882,,,91.77,,,,,,
0.05029307377930725,88.36,,,,,,,,
0.05040891368600886,,,91.97,,,,,,
0.0505237264824101,,,92.03,,,,,,
0.05054773457785422,,,91.94,,,,,,
0.0505547979888179,,,91.94,,,,,,
0.0505667177102016,,,91.97999999999999,,,,,,
0.050621905130523004,87.81,,,,,,,,
0.05068924163562061,,,92.03999999999999,,,,,,
0.05082990342452853,,,92.09,,,,,,
0.05090786879877651,,,92.15,,,,,,
0.050968835621117314,,,92.19,,,,,,
0.051429186664849746,,,,93.005,,,,,
0.051573193943261986,92.64,,,,,,,,
0.05170674125090424,,,,95.90999999999998,,,,,
0.05171271415500134,,91.45,,,,,,,
0.05172753609896996,,,,95.96999999999998,,,,,
0.05176049983024589,89.0,,,,,,,,
0.051763818441163956,,,,,,,,,94.36
0.05176625210248065,,,,,,,,,94.15
0.05179147434659548,,,,,,,98.1,,
0.051815591483238777,,,,93.16,,,,,
0.052142498813183114,88.89,,,,,,,,
0.05219217156883671,89.24,,,,,,,,
0.052234328537910324,85.41,,,,,,,,
0.05231300503131897,89.09,,,,,,,,
0.05251886994287447,,,,98.45,,,,,
0.05260941874907887,,91.21,,,,,,,
0.052720015952757215,,,,98.53,,,,,
0.05273131138739462,,,,,,98.4,,,
0.05338323398781508,,,,98.58,,,,,
0.05361843124223076,,,,,,,,,94.13
0.05397593164885017,,,,98.79000000000002,,,,,
0.05397657253304633,83.45,,,,,,,,
0.053998149422479935,,,,98.89000000000001,,,,,
0.05404088708924304,87.95,,,,,,,,
0.05422912447114614,,,,94.83,,,,,
0.05429203341093625,,,,94.60999999999999,,,,,
0.05437629424690105,,89.24,91.67,,,,,,
0.05439430424632019,,88.31,,93.85,,,,,
0.05440675596367184,,88.51,90.3,,,,,,
0.05468099064076104,,,,95.46999999999998,,,,,
0.05496360375567044,94.85999999999999,,,,,,,,
0.055458027174390745,90.24,,,,,,,,
0.05559922307897169,,,,99.46,,,,,
0.05560436597965768,90.22999999999999,,,,,,,,
0.05562279511863788,,,,99.4,,,,,
0.05574731581320669,,,,99.43,,,,,
0.05579233052147403,,,,99.44999999999999,,,,,
0.05614375721874265,,,,,,,,,94.27
0.05654011006612247,,,90.38,,,,,,
0.0568605787410803,,,90.67,,,,,,
0.05690605792129744,,,,99.95,,,,,
0.05693921817360481,,,90.66999999999999,,,,,,
0.05715486642213974,88.23,,,,,,,,
0.05716425414736115,88.76,,,,,,,,
0.05753202300277316,93.42,,,,,,,,
0.057556899733876454,89.62,,,,,,,,
0.05757904504419509,89.61999999999999,,,,,,,,
0.057820036332049796,87.2,,,,,,,,
0.058013741970794896,,90.16,,,,,,,
0.058070506855979476,89.89,,,,,,,,
0.05810071735159017,,90.19,,,,,,,
0.058104377520247,,90.17,,,,,,,
0.05811215438618178,90.06,,,,,,,,
0.058117295964971394,,90.15,,,,,,,
0.05811987969176968,,90.14999999999999,,,,,,,
0.05812095624832625,,90.16,,,,,,,
0.05814507168932859,,90.20999999999998,,,,,,,
0.05814959345689141,,90.20999999999998,,,,,,,
0.058315418292045784,,,,,,,98.47,,
0.05858321665167687,,,,,,,98.47,,
0.05866748374080166,,,91.38,,,,,,
0.05867394980053153,,,91.36999999999999,,,,,,
0.05869076192548972,,,90.75,,,,,,
0.05886106867182361,,90.4,,,,,,,
0.05956572883553113,,,92.09999999999998,,,,,,
0.05976439399513045,,,,96.72,,,,,
0.060260085876989056,83.03,,,,,,,,
0.06034483637553745,,,,92.28,,,,,
0.06056044909024316,,,,96.54,,,,,
0.06065974259827778,85.14,,,,,,,,
0.06089712725379437,85.18,,,,,,,,
0.06090773305847663,86.24,,,,,,,,
0.061046277329338317,85.28,,,,,,,,
0.06113028741326021,,,,96.96,,,,,
0.06117532922454405,84.98,,,,,,,,
0.06146819422826666,89.24,,,,,,,,
0.061817373945942,,92.76,,,,,,,
0.06186117308704686,87.77,,,,,,,,
0.06218132007077393,85.2,,,,,,,,
0.06245997897146527,90.21,,,,,,,,
0.06251989670671954,85.43,,,,,,,,
0.06262694049473039,,95.76,,,,,,,
0.06262954629192352,85.95,,,,,,,,
0.06263627799382432,90.27,,,,,,,,
0.06265278188193357,85.52,,,,,,,,
0.06279113068100184,90.5,,,,,,,,
0.06284456858832366,,,,95.82,,,,,
0.06294668034597284,86.26,,,,,,,,
0.0633757640712731,90.57999999999998,,,,,,,,
0.0634360026258689,,,,,,,98.9,,
0.06351473622380266,84.52,,,,,,,,
0.06352321926842297,85.64,,,,,,,,
0.06354149090109584,84.63,,,,,,,,
0.06370226482667984,90.99999999999999,,,,,,,,
0.06393600670443367,91.32,,,,,,,,
0.06395690483478389,85.14,,,,,,,,
0.06399522020608761,90.02000000000001,,,,,,,,
0.06401916871456237,91.63,,,,,,,,
0.0642391099686459,91.41,,,,,,,,
0.0642704753359411,91.62,,,,,,,,
0.06428005956693617,83.36,,,,,,,,
0.06442798356605084,83.51,,,,,,,,
0.06477606121315671,,,,95.5,,,,,
0.06483951127961962,,,,96.86,,,,,
0.06486524232749225,83.67,,,,,,,,
0.06491169219792448,91.74,,,,,,,,
0.06522604403931265,,,,99.8,,,,,
0.06522735331768126,89.99,,,99.79,,,,,
0.06530155101759849,91.87,,,,,,,,
0.06543884401524558,91.94000000000001,,,,,,,,
0.065500626493878,,90.96,,,,,,,
0.06550411971020731,,,,95.8,,,,,
0.06552748118319451,,,,,,,98.69999999999999,,
0.06554735015791624,,,,,,,98.7,,
0.06555193541115956,90.25,,,,,,,,
0.06563294805920572,90.25999999999999,,,,,,,,
0.06565828068742352,,,,95.86999999999999,,,,,
0.06577032649464032,,,,95.42,,,,,
0.0658083356869934,,,,95.43,,,,,
0.06580942794523637,,,,100.05999999999999,,,,,
0.06604170146108324,85.33,,,,,,,,
0.06604300417478859,90.66,,,,,,,,
0.06607666157273373,90.75,,,,,,,,
0.06613414632896197,90.74999999999999,,,,,,,,
0.06618704652450691,84.73,,,,,,,,
0.06619010702703343,84.78,,,,,,,,
0.06623601667347079,90.93,,,99.71000000000001,,,,,
0.06623732843575003,90.84999999999998,,,,,,,,
0.06629220671632852,90.98000000000002,,,,,,,,
0.06631844534051656,83.13,,,,,,,,
0.0663368131458002,90.93999999999998,,,,,,,,
0.0663807672486576,90.96,,,,,,,,
0.06638361017608863,83.11,,,,,,,,
0.0664203509097181,85.13,,,,,,,,
0.06644205863465724,86.53,,,,,,,,
0.06653955702920333,83.26,,,,,,,,
0.06655355729453927,90.96999999999998,,,,,,,,
0.06660846813281562,91.19,,,,,,,,
0.06661174983605966,91.21,,,,,,,,
0.06664478677360464,91.23,,,,,,,,
0.06666294702151809,85.36,,,,,,,,
0.06670911621918907,91.19,,,,,,,,
0.06671261736403,91.38,,,,,,,,
0.06672727865767958,,,,96.04,,,,,
0.0667894295117859,91.32,,,,,,,,
0.06679074263611784,83.25999999999999,,,,,,,,
0.06682269632461102,91.32999999999998,,,,,,,,
0.06688354494216164,85.29999999999998,,,,,,,,
0.06688879838571515,91.37,,,,,,,,
0.06695753570563134,85.48,,,,,,,,
0.06699387812262425,83.61,,,,,,,,
0.0670534324954295,91.56,,,,,,,,
0.06716927603236322,91.74,,,,,,,,
0.06718635905977588,85.12,,,,,,,,
0.06719971924438162,83.73,,,,,,,,
0.06721176559924968,91.75999999999999,,,,,,,,
0.06725754422807628,,,,,,,98.8,,
0.0673033267844696,85.96,,,,,,,,
0.06730946063105914,83.83,,,,,,,,
0.06734648427357337,91.75999999999999,,,,,,,,
0.06738219590075967,91.82,,,,,,,,
0.06746282971258144,91.85249999999999,,,,,,,,
0.0674724715272248,91.76999999999998,,,,,,,,
0.06763662823106364,91.76,,,,,,,,
0.06775281768675034,,,,,,,98.86,,
0.06780039689319373,,,,,,,98.89,,
0.06812121039495556,89.38,,,,,,,,
0.06813418529949966,89.37,,,,,,,,
0.0683003444241399,,,,,,,98.92,,
0.06834248512487173,,,,93.89,,,,,
0.06838353160751032,,,,93.85,,,,,
0.06860176746732338,,,,99.60499999999999,,,,,
0.06871069919164352,,,,99.63,,,,,
0.06878252721438893,82.39,,,,,,,,
0.06878450426897187,,,,99.67,,,,,
0.06880691139878459,,,,99.67,,,,,
0.068814160965468,,,,99.68,,,,,
0.06888446489485367,,,,99.7,,,,,
0.06937289300122185,,,,94.23,,,,,
0.06943623229388929,85.53,,,,,,,,
0.06961199413523511,85.23,,,,,,,,
0.0699788823206362,,,,99.57000000000001,,,,,
0.06999429404965896,,,,99.57,,,,,
0.07000067903889251,,86.91999999999999,,,,,,,
0.07033566755703502,85.61,,,,,,,,
0.07043018942497326,,,,94.09,,,,,
0.07066557513683924,,,,95.65999999999998,,,,,
0.07074031191077101,,,,,,,98.21,,
0.07074075286665082,,,,99.54,,,,,
0.07074692628710455,,,93.2,95.68,,,,,
0.07078044038316644,,,,95.7,,,,,
0.07091363555202612,,,93.51,,,,,,
0.07092775088902448,,,,95.75727272727275,,,,,
0.07094208715903383,,,,95.77,,,,,
0.07102855403318453,,,,95.75,,,,,
0.07107289577945797,90.35,,,,,,,,
0.0714666173242553,,,,97.08,,,,,
0.07147831863622245,,,,97.08,,,,,
0.07174575222845814,,,,97.17,,,,,
0.07177689892072081,,,,94.05999999999999,,,,,
0.07181268671698415,,,,97.20999999999998,,,,,
0.07187918767223511,,,,97.215,,,,,
0.07191387749178757,,,,97.21999999999998,,,,,
0.0719297869498321,,,,97.22,,,,,
0.07228389458459517,,,,96.87,,,,,
0.07229893054678582,,,,96.82,,,,,
0.07231286129983716,,,,94.2,,,,,
0.07231794722051066,,,,96.84999999999998,,,,,
0.07232236979944284,,,,94.90999999999998,,,,,
0.07234735805575165,,,,94.89999999999999,,,,,
0.07240065548427754,,,,94.97,,,,,
0.07240706922490747,,,,95.0,,,,,
0.07252031755676569,,,,95.02,,,,,
0.0726667795717213,,,,94.84,,,,,
0.07274087607592228,92.51,,,,,,,,
0.07279048484353345,,,,94.93,,,,,
0.07279137013612891,,,,95.05,,,,,
0.07295628136462695,,,,98.08,,,,,
0.07307473883011739,,,,95.13,,,,,
0.07345287056780081,,,,94.53,,,,,
0.07355969064138801,,,,95.28,,,,,
0.0741504657578389,,,,,,,98.81,,
0.07511364157944111,90.96,,,,,,,,
0.07519944949788182,,,91.78999999999999,,,,,,
0.07546382013183917,86.26999999999998,,,,,,,,
0.07548219033124659,85.98,,,,,,,,
0.07565294719598992,85.5,,,,,,,,
0.07639686912030652,93.26,,,,,,,,
0.07665404082754934,,92.15,,,,,,,
0.07679605958906555,,92.15,,,,,,,
0.07710066044222175,93.27,,,,,,,,
0.08069813099262135,,,,102.39,,,,,
0.08107480457070415,,,,102.52,,,,,
0.08110856872637195,,,,102.56,,,,,
0.0811469388883772,,,91.82,,,,,,
0.08115233374008213,,,,,98.76,,,,
0.08153339805175785,,,,102.74000000000001,,,,,
0.08160163570214785,,,,102.78,,,,,
0.08170801695877783,,,,102.81,,,,,
0.08171235065108062,,,,102.81,,,,,
0.08203205620154663,,,,102.88,,,,,
0.08333604167343767,,91.24,,,,,,,
0.08381066161221828,,90.31,,,,,,,
0.08420410985637905,92.72,,,,,,,,
0.08422522570457058,92.70000000000002,,,,,,,,
0.08451832022572425,,,,103.32000000000001,,,,,
0.08455622068308966,92.97,,,,,,,,
0.08458715290449437,,,,103.35000000000001,,,,,
0.08473603261550933,,90.74197183098592,,,,,,,
0.08490622133213543,,91.5,,,,,,,
0.08519987712198307,,91.61999999999999,,,,,,,
0.08563597057765682,91.11,,,,,,,,
0.08626907609194179,91.55000000000001,,,,,,,,
0.08664079625694043,85.99,,,,,,,,
0.08672868125683508,,88.9,,,,,,,
0.0867450335229496,85.98599999999999,,,,,,,,
0.08711581692886017,,93.07,,,,,,,
0.08720582457975845,,92.89247999999999,,,,,,,
0.08734427452599114,86.39,,,,,,,,
0.08739861837640928,85.94,,,,,,,,
0.0876317446240662,90.05,,,,,,,,
0.08771933494329742,86.9,,,,,,,,
0.08806869898370207,86.9,,,,,,,,
0.08819370517609793,,,,,97.37000000000002,,,,
0.08857003556065246,,92.57,,,,,,,
0.08866210754516102,,,,,,,98.33,,
0.08866415883107615,,,,,,,98.59,,
0.08866962896464159,,,,94.68999999999998,,,,,
0.08893864500851478,,,93.39000000000001,,,,,,
0.08903260396072765,,93.16,,,,,,,
0.08912680724361488,,94.16000000000001,,,,,,,
0.08930088669092173,,93.09343999999999,,,,,,,
0.089339908197974,90.76000000000002,,,,,,,,
0.08972000063706709,,,,96.55,,,,,
0.09136555646106248,,,,94.86,,,,,
0.09136761794745651,,,,93.81,,,,,
0.09183967426223139,93.00999999999999,,,,,,,,
0.0922001784487061,,,,93.98999999999998,,,,,
0.09247784495392586,90.65,,,,,,,,
0.09265940902675363,,,,95.13,,,,,
0.092682990001546,95.47,,,,,,,,
0.09320037774277656,93.88,,,,,,,,
0.09421392303046772,,,,94.66999999999999,,,,,
0.09436038213380926,,,,94.73,,,,,
0.09439539074335124,,,,95.23999999999998,,,,,
0.0948836717681929,,,,94.47,,,,,
0.0956151794954776,,,,95.15,,,,,
0.0957107559603505,,,,95.15,,,,,
0.09578187197474652,91.5,,,,,,,,
0.09617248189681682,,,92.67,,,,,,
0.09635806717132867,89.33,,,,,,,,
0.09657027340136803,,,96.54,,,,,,
0.09686823026639146,,,,96.28,,,,,
0.09782382855081972,,,93.74,,,,,,
0.0982479987598246,,,,95.01,,,,,
0.09825408108165834,,98.68000000000002,,,,,,,
0.0986724023000285,,,,95.65,,,,,
0.09896659099295424,,,,96.27,,,,,
0.09903350179753034,,,,102.16000000000001,,,,,
0.09926595498017354,91.44,,,,,,,,
0.09926819273591381,91.32,,,,,,,,
0.09955497626864318,,,,94.47,,,,,
0.09977169554246235,,94.18,,,,,,,
0.10002866185791182,,93.64999999999999,,,,,,,
0.10048182056940203,,,,94.76,,,,,
0.10053712325710085,,,,97.05,,,,,
0.10064053202517464,93.63,,,,,,,,
0.1006443457352173,,,,96.97,,,,,
0.10068584958271787,,91.14,,,,,,,
0.10073812644994229,,,,96.99999999999999,,,,,
0.10074306271972833,,92.94239999999999,,,,,,,
0.10074979406805928,,91.17,,,,,,,
0.10087523658624309,,91.38999999999999,,,,,,,
0.10088847816234803,,,,97.06,,,,,
0.10091182002130461,,91.26,,,,,,,
0.10092192017092816,,91.27,,,,,,,
0.10100721771398269,,,,97.13000000000001,,,,,
0.10102742169961942,,,,97.12,,,,,
0.10104431936298663,,,,94.88,,,,,
0.10105032044642281,,,,97.14,,,,,
0.10106311721979111,,,,97.13000000000001,,,,,
0.10111138842805345,,,92.36,,,,,,
0.1011167771046011,,90.19,,,,,,,
0.10125278092799617,,,,94.99999999999999,,,,,
0.10133573669265195,,,,97.24,,,,,
0.10143188184328311,,90.26,,,,,,,
0.10144895610175175,,91.32999999999998,,,,,,,
0.10145816743469571,,91.35,,,,,,,
0.10146221148319245,,91.38000000000001,,,,,,,
0.1016064686331839,,91.45,,,,,,,
0.10160809359940282,,91.1,,,,,,,
0.10174042342740841,,90.77,,,,,,,
0.10176200308493355,,91.82,,,,,,,
0.10193981670926444,,,,95.20999999999997,,,,,
0.10211931421237952,,90.97,,,,,,,
0.10213950712321251,,,,95.28500000000001,,,,,
0.10215395580403452,,,,96.31,,,,,
0.10231753782963016,,,,95.34,,,98.695,,
0.1026198042359796,,92.04,,,,,,,
0.10268920450304342,,,,,,,98.76,,
0.10279274092804913,91.75,,,,,,,,
0.102797019997386,,87.73,,,,,,,
0.10292247905111074,,92.36999999999999,,,,,,,
0.10304029724390529,,,,95.6,,,,,
0.103047065384136,,92.44,,,,,,,
0.1030896519772575,94.25999999999999,,,,,,,,
0.10314957689970838,,,,95.64,,,,,
0.10318587824014891,,92.49999999999999,,,,,,,
0.10320548611830405,,,97.75,,,,,,
0.10320616226446555,,,97.74,,,,,,
0.10322058691335223,,,97.75,,,,,,
0.10322802477032944,,,97.75,,,,,,
0.10325255827295154,,,,95.62999999999998,,,,,
0.1034629323301357,,92.62,,,,,,,
0.10368372839079232,,92.46,,,,,,,
0.10370262515669393,,,,95.83,,,,,
0.10474157128212003,90.9,,,,,,,,
0.10526435364856979,87.85,,,,,,,,
0.10569547836072046,93.87,,,,,,,,
0.10623117486462497,91.54,,,,,,,,
0.1062780871714355,94.22,,,,,,,,
0.10638756469550059,94.39,,,,,,,,
0.10642247512854475,94.37,,,,,,,,
0.1064245154167962,94.27,,,,,,,,
0.10646124189209805,,,92.7,,,,,,
0.10657120918929519,96.74,,,,,,,,
0.10731048432325196,,92.18,,,,,,,
0.107660952366887,,92.33,,,,,,,
0.1077141211396162,90.37,,,,,,,,
0.10777343079277801,,,,97.62,,,,,
0.10780638334450021,,,,97.63999999999999,,,,,
0.10784638355857479,90.46,,,,,,,,
0.10785774778264323,,,,97.65,,,,,
0.10788843235222978,,,,97.65,,,,,
0.10791116275892021,,89.61,,,,,,,
0.10794298689529125,,,,97.69,,,,,
0.10796799285647896,,,,97.69,,,,,
0.1085491308974813,90.04,,,,,,,,
0.1086982096782374,90.11,,,,,,,,
0.10887579092105892,90.23,,,,,,,,
0.10888581001952247,,91.96,,,,,,,
0.10897075192324279,90.25000000000001,,,,,,,,
0.10898623871298452,89.55,,,,,,,,
0.10902085780709614,95.55,,,,,,,,
0.11070979292255734,,,,94.28,,,,,
0.11084711349463228,91.01999999999998,,,,,,,,
0.1111781018896818,,88.07,,,,,,,
0.11140977390220486,,90.1,,,,,,,
0.11148572296588855,,90.1,,,,,,,
0.11164108485465185,,90.19,,,,,,,
0.11165275591069879,,90.19999999999999,,,,,,,
0.11171317470696063,94.58999999999999,,,,,,,,
0.11187752874924084,,,,95.73,,,,,
0.11191713664040837,,,,94.99,,,,,
0.11201399325460537,,,,95.01,,,,,
0.11220638266408023,,,,95.08,,,,,
0.11265417471967298,,,93.21,,,,,,
0.1128509138360756,96.77,,,,,,,,
0.11305299925528511,,,,100.39,,,,,
0.11413670292287592,,,93.64,,,,,,
0.11432913774655828,,,93.52,,,,,,
0.1144418245889205,,,93.65999999999998,,,,,,
0.11450990768349323,,,93.67999999999999,,,,,,
0.1148504479737491,,,93.83,,,,,,
0.11517438436178584,95.87999999999997,,,,,,,,
0.1155959906306463,,,,96.59,,,,,
0.11560613153657395,,,,96.5,,,,,
0.11752307219509461,,92.96,,,,,,,
0.11772708954422195,,92.82,,,,,,,
0.11783352270951242,,91.89,,,,,,,
0.11790109514973768,,,,96.53,,,,,
0.11838549869408532,,98.18,,,,,,,
0.11989584968597922,96.95,,,,,,,,
0.12097011244575762,,,91.69,,,,,,
0.12122776932358192,102.94,,,,,,,,
0.12123056300101087,,,91.69,,,,,,
0.12552501052053233,,91.93,,,,,,,
0.1270079525020411,,,,97.02,,,,,
0.12750093801814155,,89.06,,,,,,,
0.1275030567860651,93.94,,,,,,,,
0.12766316450684378,101.91,,,,,,,,
0.1282335944065871,,,,,,98.0,,,
0.12836723589311094,,89.97,,,,,,,
0.1295455636492875,,,94.18,,,,,,
0.1298513505934904,,,,,,98.45,,,
0.1303777722514865,100.51000000000002,,,,,,,,
0.13267417090273326,,,,,,,100.14,,
0.13285692923269332,,,,,,100.04999999999998,,,
0.1328718631293051,,,,,,100.05,,,
0.13349379017451146,,,,97.48,,,,,
0.1336259572813301,,,,,,,,96.35,
0.1346338263114697,,,,97.37,,,,,
0.1347825857885503,,,,97.34000000000002,,,,,
0.13482995788970276,,,,97.48,,,,,
0.13502799769508256,,,,97.47999999999999,,,,,
0.13509095862215093,,,,96.03000000000002,,,,,
0.13516612210225198,,,,95.99,,,,,
0.13531576285019753,,,,95.98,,,,,
0.13615199116722976,100.46,,,,,,,,
0.13710455412404476,95.72,,,,,,,,
0.1373592873306706,,,,96.83,,,,,
0.13841199251981995,,,,103.03,,,,,
0.13846800020573724,,92.12999999999998,,,,,,,
0.13850966238919105,,,,97.8,,,,,
0.13866684885336245,95.65,,,,,,,,
0.13874368735328124,99.93000000000002,,,,,,,,
0.1389593707882233,99.93999999999998,,,,,,,,
0.1389821928571051,100.05,,,,,,,,
0.1390958020251496,,,,98.62,,,,,
0.13917713573844814,,92.30999999999999,,,,,,,
0.13927728046917975,100.23,,,,,,,,
0.13931237434597654,,,,97.18,,,,,
0.13932295100679237,100.21000000000001,,,,,,,,
0.13938785754360206,100.13,,,,,,,,
0.13940312367366348,,92.36,,,,,,,
0.1394358124268904,,92.55,,,,,,,
0.13965911981684043,,92.55,,,,,,,
0.13973844630855004,,,,102.56,,,,,
0.1400663070707524,,,,102.67,,,,,
0.14018445741268537,,,,98.89,,,,,
0.14036254161559625,97.46,,,,,,,,
0.14044777237965844,,,,,,,,95.83,
0.14061664587417577,,,,,103.11,,,,
0.14073676928680312,,,,,103.93,,,,
0.14081578106767312,90.73,,,,,,,,
0.14120565524462458,,,,97.51999999999998,,,,,
0.1414564127734681,,,,103.52,,,,,
0.1415038783613467,,,,103.54,,,,,
0.14151248773893288,,,,103.59000000000002,,,,,
0.1417682687510462,,,,97.67,,,,,
0.14187093922147231,,,,98.17,,,,,
0.14212594916275023,,,,98.3,,,,,
0.1421704420158818,,,,103.81,,,,,
0.1422787768070901,,,,97.86,,,,,
0.14230067924054124,,,,97.87,,,,,
0.14251881738693295,,,,103.21,,,,,
0.14254912094106875,94.1,,,,,,,,
0.1425498202728328,,,,103.21999999999998,,,,,
0.14255611429723314,,,,98.66,,,,,
0.14285457726523476,,,,98.23,,,,,
0.14286763858035423,,,,98.02000000000001,,,,,
0.1428737028638578,,,,102.8,,,,,
0.14303909601936637,96.71,,,,,,,,
0.14314269523652423,104.6,,,,,,,,
0.1433175031497378,,,,102.5,,,,,
0.14335275127422586,,,,102.51000000000002,,,,,
0.1434841922499135,,,,,98.48,,,,
0.14360305211317415,,,,102.04,,,,,
0.14402591708999024,,,,,98.57,,,,
0.14698911261548742,98.96000000000001,,,,,,,,
0.14716321899735063,99.16,,,,,,,,
0.1471665089654135,99.18,,,,,,,,
0.14716885895415488,99.16,,,,,,,,
0.14717449896641632,,94.13000000000001,,,,,,,
0.1471871891967742,99.17,94.13999999999997,,,,,,,
0.14718953927024403,99.17000000000002,,,,,,,,
0.14719047930232776,99.17000000000002,,,,,,,,
0.1471991746721366,99.17000000000002,,,,,,,,
0.14721492067725817,99.20000000000002,,,,,,,,
0.14727297311693577,96.76000000000002,,,,,,,,
0.14734254977212946,95.92,,,,,,,,
0.1475174689043257,99.36,,,,,,,,
0.1476047132945293,99.36,,,,,,,,
0.14771619847702144,,,,95.52,,,,,
0.14774748407602845,,,,95.52,,,,,
0.14779429804487587,,,93.88,,,,,,
0.14779782689077137,,,93.88,,,,,,
0.14780723725257583,,,93.88,,,,,,
0.14781594197462478,,,93.87,,,,,,
0.14786087926143354,,,93.86999999999999,,,,,,
0.14786393794811548,,,93.88,,,,,,
0.14790817308569393,,,93.89,,,,,,
0.14791640872711653,,,93.92,,,,,,
0.14841005703701593,,,,,,,,96.02,
0.14884002033446841,,92.588,,,,,,,
0.14887089583823565,,,,97.66,,,,,
0.14935333481791457,,,,98.94,,,,,
0.14948851866235668,,,,,,,,95.91,
0.14950149609672403,96.98,,,,,,,,
0.14953405894933813,96.98,,,,,,,,
0.14971861663392372,97.02,,,,,,,,
0.14976134239564276,,,,97.41,,,,,
0.1498465673486693,97.24,,,,,,,,
0.14999178577295869,,92.49,,,,,,,
0.15000099598300554,,,,97.98,,,,,
0.1502206677811484,,,,98.71999999999998,,,,,
0.15032486406652157,97.35,,,,,,,,
0.15049431193557727,,,,95.48,,,,,
0.15071535452923635,,,,95.55,,,,,
0.1507425474522046,,,,95.56,,,,,
0.1507678498478109,,,,95.55,,,,,
0.15081112661737772,,,,95.57,,,,,
0.15081514702896515,,,,95.55000000000001,,,,,
0.15082413393291283,,,,95.58,,,,,
0.15082626243072172,,,,95.58,,,,,
0.15082791793446115,,,,95.58,,,,,
0.15090691464874317,,,,95.58,,,,,
0.15094144955320865,,,,,,,99.63000000000001,,
0.15094594397400685,94.55,,,,,,,,
0.1510001163332262,,,,,,,100.36,,
0.15103110805448416,,,,95.62,,,,,
0.151192481232993,100.05,,,,,,,,
0.15157314144834588,94.68999999999998,,,,,,,,
0.15165152998962284,,,,,,,99.43,,
0.15184719266042968,,,,,,,99.78000000000002,,
0.15187230672713992,,,,98.42766839378238,,,,,
0.15192443375714548,,,,96.61999999999999,,,,,
0.15200784681916235,,,,,,,101.14,,
0.15219177738338074,,,,97.34000000000002,,,,,
0.15220908315225468,,,,97.36,,,,,
0.15226290030333334,,,,,,,101.18000000000002,,
0.1523032071890551,,,,95.98,,,,,
0.1524905526644964,,90.49,,,,,,,
0.152521624701502,,,,,,,101.21,,
0.15278426218925256,,,,,,,101.23,,
0.15285949298474688,,,,,,,101.23,,
0.15326168145965036,,,,,,,101.3,,
0.15358002230117385,,,,,,,101.35,,
0.15358810189231709,,,,,,,101.35,,
0.15362089668892276,102.47000000000001,,,,,,,,
0.1536762718456841,,,,,,,101.36,,
0.15373093923175518,,92.93,,,,,,,
0.15406380901233163,,93.04,,,,,,,
0.15409139826828588,,,,,,,101.42,,
0.1542024821536594,,93.04,,,,,,,
0.1542771844128883,,,,,,,101.45,,
0.15461703517850078,,93.28,,,,,,,
0.15465988771344974,,,,,,,99.36,,
0.1547267916410977,,,,,98.6,,,,
0.15484633325978048,,,,,,,101.54,,
0.15484800034975388,,,,,,,101.54,,
0.15504737138031865,,,,,97.73,,,,
0.1550516596854794,,,,,97.76,,,,
0.1552909022491864,,,95.57,,,,,,
0.1554997247434584,,,,,97.81,,,,
0.155779226354408,,,,96.4,,,,,
0.15590781387489816,,,,95.44999999999999,,,,,
0.1560142363153203,,,,94.92000000000002,,,,,
0.1562054164094453,,,,,98.81,,,,
0.1564303308547177,,,,98.28,,,,,
0.15705132906973684,,,,97.98000000000002,,,,,
0.1571213795531694,,,,98.46,,,,,
0.15727370287700326,101.26,,,,,,,,
0.16234033906297918,111.94,,,,,,,,
0.16239390042103552,117.44,,,,,,,,
0.16252661874565866,,,96.27,,,,,,
0.1630201306753376,99.13,,,,,,,,
0.163164813599723,,,96.58000000000001,,,,,,
0.16323367328837435,,,96.6,,,,,,
0.16325614505637942,,,96.6,,,,,,
0.16447454333883127,,,,98.2,,,,,
0.16454307384887512,,,,98.24,,,,,
0.16461887847201995,,,,98.23,,,,,
0.16475331668706716,,,,98.27,,,,,
0.16572194617278901,107.68000000000002,,,,,,,,
0.16666083336249993,,94.4,,,,,,,
0.1678907621717678,,,,98.11,,,,,
0.17028944392652168,,91.95,,,,,,,
0.17118622551148954,,,,,98.83,,,,
0.17155154847733867,,,,,99.44,,,,
0.1717721756838022,,,,99.08000000000001,,,,,
0.17232852497206297,,,,97.6,,,,,
0.17263980065123397,,,,,,,,94.31,
0.17286403133892692,,,,97.80000000000001,,,,,
0.17354879689244274,,,,97.97,,,,,
0.1735989605960102,,96.15000000000002,,,,,,,
0.17367226752853338,,,,,,,100.15,,
0.1736931764832128,,,,97.98,,,,,
0.1737578505174855,,96.21,,,,,,,
0.17433154214028002,,96.18000000000002,,,,,,,
0.1747694363071406,,96.3,,,,,,,
0.1751719398117455,,96.87,,,,,,,
0.17518170233984764,,96.48,,,,,,,
0.17607255191572757,,,,98.07,,,,,
0.17612812739819872,,,,98.0,,,,,
0.1763443042144004,,,,97.97,,,,,
0.17653435837488685,,,,98.17,,,,,
0.17663818501879036,,,,98.12,,,,,
0.1769356756314837,,,,98.2,,,,,
0.1771061266271916,,,,98.27,,,,,
0.17779124340639973,,92.53,,,,,,,
0.17804242658866132,,99.02,,,,,,,
0.17845795119802443,,99.12,,,,,,,
0.17846010617925567,,,,96.42,,,,,
0.1794089518403097,,,,,98.97,,,,
0.17983011260054482,,95.46,,,,,,,
0.17993528476368525,,,,,99.09,,,,
0.17994964463171748,103.17,,,,,,,,
0.18048075078575754,,,,,99.21,,,,
0.1807181971445173,,,,,99.25,,,,
0.18075753186253118,,,,,99.27,,,,
0.1808449240642911,,,,,99.28,,,,
0.1809671952619596,,,,,99.34,,,,
0.1811158972083271,,,,,99.34,,,,
0.18144058113374406,,,,,99.38,,,,
0.1815587204126492,,96.12,,,,,,,
0.18169038277061667,,,,,99.41,,,,
0.1817966178669077,,92.8804,,,,,,,
0.1828934839088756,,,,103.8,,,,,
0.18290168638951276,,,,98.15,,,,,
0.18297430742973142,,,,98.19,,,,,
0.18298540644727046,,,,98.14,,,,,
0.18303825027826903,,,,98.21,,,,,
0.18305224623886263,,,,98.24,,,,,
0.18309109883053476,,,,98.22,,,,,
0.1831104054152186,,,,98.24,,,,,
0.18363457853731746,,94.66,,,,,,,
0.18367129529762094,,93.17,,,,,,,
0.18432726637868457,,96.95,,,,,,,
0.18736010134323178,101.78,,,,,,,,
0.18743254154785527,,,,99.16999999999999,,,,,
0.1897538399305183,,,95.58,,,,,,
0.18975506020263166,,,,100.85999999999999,,,,,
0.19063503956808692,,94.12,,,,,,,
0.19198060113225823,105.09,,,,,,,,
0.19230870434691072,,,,101.55,,,,,
0.19235159899488874,,92.52,,,,,,,
0.19310582313810687,,,94.66,,,,,,
0.19311539503536457,,,94.62999999999998,,,,,,
0.19313601195110852,,,94.65,,,,,,
0.19320179449320918,,,94.72,,,,,,
0.19345762988780058,,,94.77699999999999,,,,,,
0.19358190431053868,,,94.77999999999999,,,,,,
0.19364380557518102,,,94.81,,,,,,
0.19365314044996196,,,94.80999999999999,,,,,,
0.19425382712022787,,,95.03,,,,,,
0.19428136898414228,,,95.02,,,,,,
0.19484453424548054,,,95.2,,,,,,
0.19501178182032564,,100.94,,,,,,,
0.19507743483634243,,,,100.49,,,,,
0.1957917202968944,,,95.32,,,,,,
0.19716206540178915,107.51,,,,,,,,
0.19741045537519608,,,95.7,,,,,,
0.19746014573915804,,,95.7,,,,,,
0.19759514635335385,,,95.7,,,,,,
0.20143036499247335,,98.13,,,,,,,
0.2014349939567821,110.11,,,,,,,,
0.20265160626148537,,,,,104.38,,,,
0.203018373098103,,101.88,,,,,,,
0.20392890157740773,,103.32000000000001,,,,,,,
0.20421041791499706,,98.91,,,,,,,
0.20430043226079997,,98.93,,,,,,,
0.2043099345602899,,98.95,,,,,,,
0.20432443835914538,,98.95,,,,,,,
0.21044566188379243,,96.09000000000002,,,,,,,
0.2105128196333883,,96.2,,,,,,,
0.21052893860217403,,96.16,,,,,,,
0.21059341877029136,,96.17,,,,,,,
0.21060685300327342,,,96.43,,,,,,
0.21062614996873563,,96.17,,,,,,,
0.21062932547769408,,96.18000000000002,,,,,,,
0.21072679727852828,,96.26,,,,,,,
0.21079642960348832,,96.23,,,,,,,
0.21087120164839934,,96.32,,,,,,,
0.21089588333744702,,96.25,,,,,,,
0.21090785798472655,,96.26,,,,,,,
0.21095893618064765,,96.28,,,,,,,
0.21104546123372825,,96.31,,,,,,,
0.21114520036277828,,96.32,,,,,,,
0.2112060786395733,,96.34,,,,,,,
0.2112400655603872,,96.35,,,,,,,
0.21124202170020823,,96.35,,,,,,,
0.21126427323537977,,96.33999999999999,,,,,,,
0.21130144245813431,,96.35,,,,,,,
0.21172171114493166,,96.47,,,,,,,
0.21190576220793056,,96.53,,,,,,,
0.21196475848875274,,96.54,,,,,,,
0.2121006431406014,,96.58000000000001,,,,,,,
0.21312136328961295,,96.71,,,,,,,
0.2132229165676709,,97.0,,,,,,,
0.21323837181792848,,,,105.18,,,,,
0.2136673507704967,,96.77,,,,,,,
0.21380312639271248,,,,,,,100.67,,
0.21382620881411807,,96.81,,,,,,,
0.21386550006099658,,97.07000000000001,,,,,,,
0.21416542518251935,,100.94,,,,,,,
0.21423299633645665,,97.17,,,,,,,
0.21428730442385113,,97.18,,,,,,,
0.21446230288770796,,97.22000000000001,,,,,,,
0.2146732528949713,,97.28000000000002,,,,,,,
0.214933204857638,,97.7,,,,,,,
0.21604498393604588,,,,105.74,,,,,
0.21612607497944247,,,,103.81,,,,,
0.21690993710400996,,,,105.56,,,,,
0.21795108708434263,,94.74,,,,,,,
0.21880771606151117,,94.95,,,,,,,
0.21901443089600203,,99.31,,,,,,,
0.21902285159920565,,102.05999999999999,,,,,,,
0.21905306802133273,112.13000000000001,,,,,,,,
0.21909616616605843,112.13000000000001,,,,,,,,
0.21915264421001046,,102.07000000000001,,,,,,,
0.21917840786272547,,102.07000000000001,,,,,,,
0.2192331592403851,,102.08,,,,,,,
0.21990072854504672,,,,100.11,,,,,
0.2202361523025551,,,,100.13,,,,,
0.2202917432823448,,,,100.13,,,,,
0.22037439459260244,,,,100.18,,,,,
0.22046624251396518,,,,100.19,,,,,
0.22049777187960928,,,101.67,,,,,,
0.22051688890245025,,,,100.2,,,,,
0.22052408897539233,,99.57000000000001,,,,,,,
0.220589886680435,,,,100.2,,,,,
0.22060553019747564,,,,100.19999999999999,,,,,
0.22076993552910507,,,,100.36000000000001,,,,,
0.22084793179204,,,,100.38,,,,,
0.2208553841858938,,,,100.42000000000002,,,,,
0.2208909085137607,,,,100.35,,,,,
0.22090010045972996,,,,100.24000000000001,,,,,
0.2209003488926231,,,,100.35,,,,,
0.2209043238326629,,,,100.34,,,,,
0.22090457226727467,,,,100.36,,,,,
0.22091600036871673,,,,100.35,,,,,
0.2210290507231749,,,,100.44,,,,,
0.22107874981073294,,,,100.45000000000002,,,,,
0.22112845294422212,,,,100.33000000000001,,,,,
0.22114758972941617,,,,100.45000000000002,,,,,
0.22127882955893718,,,,100.33000000000001,,,,,
0.2213912012199255,,,,100.53,,,,,
0.2214260107961845,,,,100.55,,,,,
0.22144913539722944,,,,,,99.73,,,
0.2214622714522998,,94.43,,,,,,,
0.22151602761359124,,,,,,99.74,,,
0.22173963506637095,,,,100.53,,,,,
0.22191106483236078,,,,,,99.79,,,
0.22275448271982978,,,,100.75,,,,,
0.22275996488233374,,,,,,99.89,,,
0.22290077362741112,,,,100.78,,,,,
0.22297305973795356,,,,105.75999999999999,,,,,
0.22335357507751463,,,,105.89,,,,,
0.22336779288546382,,,,100.87,,,,,
0.223413441765826,,,,105.92,,,,,
0.22348204621662648,,,,105.95,,,,,
0.22378075233553463,,,,,,99.52,,,
0.2239834664313356,,,,105.53,,,,,
0.22399819827465217,,,,,,99.55,,,
0.22400968436462265,,,,,,99.55,,,
0.22404014851687126,,,,,,99.55,,,
0.22413030132579426,,,,105.54,,,,,
0.22413130032327278,,,,105.54999999999998,,,,,
0.2242069791223742,,,,105.53,,,,,
0.22420872758805377,,,,,,,100.76,,
0.22422746146233963,,,,105.53,,,,,
0.22428491558555508,,,,,,99.55,,,
0.22447930038150687,,,,,,99.59,,,
0.22452528216123802,,,,,,,102.87,,
0.22468449575963212,,,,,,99.61,,,
0.22480699593425313,,,,,103.29,,,,
0.22481799714903183,,,,,,99.63000000000001,,,
0.22505532145655827,,,,,103.28,,,,
0.22545114984081405,,,,105.68,,,,,
0.22564240003660596,,101.98,,,,,,,
0.22566217931315125,,,,,98.64,,,,
0.22576383984414816,,,,105.79,,,,,
0.2264320638398769,,100.42000000000002,,,,,,,
0.2272910250661917,,,,,,,99.76,,
0.22757175259191542,,,,,,100.07,,,
0.22786039800276225,113.49,,,,,,,,
0.2278933157171572,,,,,,100.1,,,
0.2281021707319919,,,,,,,100.72,,
0.22810895782673835,,,,,,100.16,,,
0.22812404052809332,,,,,,100.16,,,
0.22840967626491393,,,98.34,,,,,,
0.22857845487011574,,,,,,,100.62999999999998,,
0.22888921932354567,,,,,,,100.66,,
0.2289753049702219,,,,,,99.71,,,
0.22902867405831828,,,,,,99.72000000000001,,,
0.22910848459732458,,,98.80999999999999,,,,,,
0.22910949173659434,,,98.8,,,,,,
0.2293414295028009,,,,,,99.77,,,
0.22935755003792568,,,,,98.58000000000001,,,,
0.22944344939211203,,,,,102.56,,,,
0.22959411712990607,,,,,102.56,,,,
0.22959537704927446,,,,,102.56,,,,
0.22970575600670262,,,,,,99.77,,,
0.22996968739705403,,,,,,99.88,,,
0.23010283044611102,,,,,,99.88,,,
0.2301436869333522,,,,,,99.90000000000002,,,
0.23040730172909152,,,,,,99.91,,,
0.23064704960574178,,,,,,100.02,,,
0.23069980667757206,,,,,,100.02,,,
0.2310437219540029,,,,,,100.02,,,
0.23116572927075985,,,,,,100.08,,,
0.23191269845343632,,101.97,,,,,,,
0.2319928840091019,,,,,,100.18,,,
0.23246206481764498,,,,98.63,,,,,
0.23300330629836585,,,,99.85999999999999,,,,,
0.23326738778551426,,,,,,,100.27000000000001,,
0.2332965399865572,,,,,102.74000000000001,,,,
0.23358002192482896,,,,,102.77000000000001,,,,
0.23448915809896897,,95.59,,,,,,,
0.23572963965505855,,,,,,,100.95,,
0.2358602143228783,,,,100.93,,,,,
0.23593106773879025,,,102.39,,,,,,
0.23639017753944747,,,,,100.98,,,,
0.23651579525276856,,,,,,,100.13,,
0.23675232138410718,,,,100.64,,,,,
0.2372685070623286,,,99.26416666666667,,,,,,
0.2376597586687237,,,102.1602,,,,,,
0.23783619631091812,,,100.804,,,,,,
0.23816316018859718,,,101.68869999999998,,,,,,
0.23859742053829858,,,99.79,,,,,,
0.23861455182177482,,,99.76,,,,,,
0.2388917865191229,,,,100.47,,,,,
0.23992022353281794,,101.84,,,,,,,
0.2401329339829701,,,100.0,,,,,,
0.24125484244545414,,,,,,99.77999999999999,,,
0.24555621869891264,,,101.36999999999999,,,,,,
0.2456045728635079,,,101.37,,,,,,
0.24576440103647612,,101.55000000000001,,,,,,,
0.24620116345340626,,,101.53,,,,,,
0.2466931464290969,,,,,,,100.69,,
0.24671254971014944,,100.08999999999999,,,,,,,
0.2471440401480609,,101.99,,,,,,,
0.24763352093448554,,98.67999999999999,,,,,,,
0.25174984196658245,,,,,98.68000000000002,,,,
0.25209438871812884,,97.27,,,,,,,
0.2529415412976841,,100.62,,,,,,,
0.25344368489800506,,,,105.36000000000001,,,,,
0.25378171911026626,,,,,99.00999999999999,,,,
0.25388259521096246,,,99.92,,,,,,
0.25475499863022577,,,,,99.5,,,,
0.254873877855178,,,,,99.84000000000002,,,,
0.25502139288549297,,,,,99.53,,,,
0.25505867085521583,,,99.97,,,,,,
0.2551143294101945,,,,,99.57000000000001,,,,
0.25562245457988286,,,102.09,,,,,,
0.25598292700541236,,,,,99.66000000000001,,,,
0.2587852722123152,,,,,98.87,,,,
0.2590951261057217,,,,,,,99.12,,
0.2592335926585003,,,,,,,99.38,,
0.25952362378760685,,101.77,,,,,,,
0.26069648437976056,,,,101.63,,,,,
0.2613167577323803,,,100.24000000000001,,,,,,
0.2620934849472214,,99.91,,,,,,,
0.2625676390066607,,101.91,,,,,,,
0.26285215158435316,,,101.27,,,,,,
0.26315231027399677,,,102.47,,,,,,
0.2638068262840645,,,100.95,,,,100.66,,
0.2641556462142436,,,101.38,,,,,,
0.26417223735037654,127.11,,,,,,,,
0.2643293291321076,,,101.36,,,,,,
0.2645025267921741,,,101.4,,,,,,
0.2648034706207234,,,101.51,,,,,,
0.26498639928789713,,,101.52000000000001,,,,,,
0.26508962000292224,,,101.59,,,,,,
0.26523847952917956,,,101.57,,,,,,
0.2652731650955842,,,101.54,,,,,,
0.2655104119869147,,,101.62,,,,,,
0.26594136665966195,,,101.67000000000002,,,,,,
0.26598650838178006,,,101.74,,,,,,
0.2660057413360368,,,101.77,,,,,,
0.2662221954454804,,,,102.32,,,,,
0.2662390046544494,,,,102.31,,,,,
0.2662558143097118,,,,102.3,,,,,
0.26626143486836584,,,101.77999999999999,,,,,,
0.26627210717073546,,,,102.32,,,,,
0.2664153817123709,,101.02,,,,,,,
0.26647526003903277,,,,,,100.29,,,
0.26719475986352714,,103.59,,,,,,,
0.26769142615919295,,,102.05,,,,,,
0.26803837422263954,,,102.15,,,,,,
0.26857323356991514,,,102.25000000000001,,,,,,
0.2687999140599526,,,102.25000000000001,,,,,,
0.2690682796806516,,,102.29,,,,,,
0.26909485405303424,,,102.35,,,,,,
0.2694557314339454,,,102.36,,,,,,
0.2696846082271753,,,102.44,,,,,,
0.2697345852634181,,,102.5,,,,,,
0.27047514130962225,,,,100.77,,,,,
0.27121493702155175,,,,100.96,,,,,
0.2734515342831638,,,,103.83,,,,,
0.27421548915796756,,,,102.2,,,,,
0.2747643536410147,,,,102.28,,,,,
0.27857591389822334,,,98.54,,,,,,
0.27878688500921456,,,98.58,,,,,,
0.27943526552821707,,,101.19,,,,,,
0.2796127148923804,,,,99.19,,,,,
0.27998969401846363,,,101.25999999999999,,,,,,
0.28276127191392186,,,,,104.71,,,,
0.28279418228785946,,,,,104.73,,,,
0.282795467883612,,,,,104.72000000000001,,,,
0.28282220885949094,,,,,104.73,,,,
0.28282838001225086,,,,,104.73,,,,
0.2828391796724512,,,,,104.71999999999998,,,,
0.286420524839474,,,,108.08,,,,,
0.2866020698612861,,,,108.08,,,,,
0.28707582807241083,,,,108.2,,,,,
0.287203965714518,,,,108.23,,,,,
0.2872254706210511,151.38,,,,,,,,
0.28811694008625954,,,,104.5,,,,,
0.2890475670637067,,,,104.73999999999998,,,,,
0.29072332942082824,,,98.85,,,,,,
0.29168640356763786,,,,103.07,,,,,
0.29302191526160026,,103.43999999999998,,,,,,,
0.2960295527138759,,104.23000000000002,,,,,,,
0.2966027387491348,,,,,,,,97.19,
0.2973852214443993,,,,108.13999999999999,,,,,
0.29757881929653807,119.72,,,,,,,,
0.29763633448711335,,103.2,,,,,,,
0.29817403446735824,,,,104.54,,,,,
0.2993813117701005,,,,107.67,,,,,
0.2999257823623631,,,,103.44000000000001,,,,,
0.3001227803450688,,,,103.52,,,,,
0.3009756898003926,136.96,,,,,,,,
0.301077454767229,,,,103.67,,,,,
0.30116712658180744,,105.1,,,,,,,
0.30116871380489174,,105.1,,,,,,,
0.3013028481452773,,,,108.84,,,,,
0.3016484117475027,,107.75,,,,,,,
0.30187144019528067,,107.83999999999999,,,,,,,
0.30215935826226414,,105.14,,,,,,,
0.30406867388645265,,,,108.4,,,,,
0.30451736017051667,124.63,,,,,,,,
0.3051092416592476,,,,,,103.96000000000001,,,
0.30514758364160643,,,,109.7,,,,,
0.30569609923290364,,,,109.43,,,,,
0.3057397872786669,,,100.5,,,,,,
0.3063095806219509,142.47,,,,,,,,
0.30631119761794157,,,101.5,,,,,,
0.30851650008638254,,103.02,,,,,,,
0.3089181913859276,,,,104.25,,,,,
0.30973651989499995,,,,,103.41000000000001,,,,
0.3100603835488349,,,,,,,101.38,,
0.3103165315266252,,,,104.87,,,,,
0.31101494270250174,,105.57,,,,,,,
0.31272141918312624,,,,106.83,,,,,
0.31302494070358833,,,,106.9,,,,,
0.3131294686154875,,,,106.57,,,,,
0.3132760512415693,,,,,100.07,,,,
0.3132897950406073,,,,106.92,,,,,
0.31332536856219195,,,,,100.07,,,,
0.31385382570923737,,,102.26,,,,,,
0.3141775527796291,,,,,100.19,,,,
0.31421101547031705,,,,,100.22,,,,
0.3143246394181156,,,,102.56,,,,,
0.3143297678031103,,,,102.56,,,,,
0.3143543306229568,,,,102.57,,,,,
0.3144156067137065,,,,,100.23,,,,
0.3144390928973668,,,,102.58,,,,,
0.31457543732227555,,,,102.61000000000001,,,,,
0.31462620247215445,,,,102.07,,,,,
0.3146329534523391,,,,102.07,,,,,
0.314675621250992,,,,,100.26,,,,
0.3148214688158246,,,,104.87000000000002,,,,,
0.31485064221208825,,,,102.11,,,,,
0.31486522939570216,,,,,100.28,,,,
0.31508056306818166,,,,103.88,,,,,
0.31511380152343604,,,,103.95,,,,,
0.31526596321858724,,,,103.95,,,,,
0.31558688844994887,,,,103.99000000000001,,,,,
0.31622433645326486,,,101.4,,,,,,
0.3170916722557313,,,,104.25,,,,,
0.3171168805403801,,,,104.26000000000002,,,,,
0.31716567351002833,,,,104.29000000000002,,,,,
0.3180825688111184,,101.64,,,,,,,
0.3184833650662062,,,,103.33,,,,,
0.31889826657612974,,,,103.42,,,,,
0.3190099840811984,,,,103.42,,,,,
0.31906761705488473,,,,103.46,,,,,
0.3191910555548456,,,,103.49,,,,,
0.3192943918856799,,,,103.50000000000001,,,,,
0.31957511330820365,,,,104.16,,,,,
0.32021425427079,,,103.77,,,,,,
0.32070737086783696,,,103.81,,,,,,
0.3211888552765598,,,,104.50000000000001,,,,,
0.32201413811494817,,,,,,,100.78,,
0.323324314740282,,,,106.12,,,,,
0.32978447102628206,,110.12999999999998,,,,,,,
0.3319184474659107,,,,105.54000000000002,,,,,
0.33368703824993595,,,,105.15,,,,,
0.3347322996248776,,,,,,,100.87999999999998,,
0.3354698068013391,,,,104.75000000000001,,,,,
0.3366833960947959,147.81,,,,,,,,
0.33718554201562334,,,,105.3381818181818,,,,,
0.33738589120574725,,,,,,,,97.58,
0.3390928273794267,,,,105.39000000000001,,,,,
0.3391607114595634,,,102.19000000000001,,,,,,
0.3393399941780564,,,,,,,,95.82,
0.3400506162243697,,,,106.54,,,,,
0.34052890148892967,,,,,,,,,95.71
0.34057747888485723,,,,,,,100.68,,
0.3412281374574422,,,,,,,100.25,,
0.34178490097837066,,,,,,,100.29,,
0.34211664797140107,,,,,,,100.39000000000001,,
0.3429561738842868,,,,,,,100.39000000000001,,
0.3438184770001267,,,,,,,100.56,,
0.34648512680944443,,,,105.24000000000001,,,,,
0.34704881599671,,,,105.39000000000001,,,,,
0.3475573627797077,,,,105.48000000000002,,,,,
0.34788004794240845,,,,105.52,,,,,
0.3484147909303936,,,,105.58,,,,,
0.34845996390762624,,,,104.86,,,,,
0.3506845649255077,,,,,,,100.02,,
0.35117532196502266,,,,,,,100.01999999999998,,
0.3513239596494666,,,,,,,100.08,,
0.35144237967042136,,,,,,,100.09,,
0.35455091258883753,,107.94,,,,,,,
0.35495631062931343,,108.01000000000002,,,,,,,
0.35515342927553895,,108.05,,,,,,,
0.3559043553043677,,108.37,,,,,,,
0.3562058784344917,,108.51,,,,,,,
0.3563046124529108,,108.44000000000001,,,,,,,
0.35635898992743886,,108.38,,,,,,,
0.35696203339962485,,108.57,,,,,,,
0.35715648573109626,,108.61,,,,,,,
0.35743065525573203,,108.68000000000002,,,,,,,
0.35785242061156075,,108.76,,,,,,,
0.35835286132036304,,108.81,,,,,,,
0.35885394258482406,,108.93,,,,,,,
0.35987353176154624,,109.12,,,,,,,
0.36163559667873035,,109.4,,,,,,,
0.36163723260848846,,109.41,,,,,,,
0.36163859588628955,,109.40999999999998,,,,,,,
0.361710853516358,,109.42,,,,,,,
0.3618600284268254,,109.47,,,,,,,
0.36187966631544866,,109.48,,,,,,,
0.3618859396492262,,109.48,,,,,,,
0.36214401467910484,,109.57000000000001,,,,,,,
0.3621522004767532,,109.53,,,,,,,
0.362156293412472,,109.55,,,,,,,
0.3621756669752929,,109.56,,,,,,,
0.36218740052776743,,109.59,,,,,,,
0.36257171786028963,,109.68,,,,,,,
0.36538032668999954,,108.98,,,,,,,
0.3658139970225254,,,,110.34,,,,,
0.3663427951191751,,109.18,,,,,,,
0.3670319127386248,,109.34999999999998,,,,,,,
0.36836003294015796,,109.69,,,,,,,
0.3684198959130067,,109.75000000000001,,,,,,,
0.3686872153623113,,109.76999999999998,,,,,,,
0.3692119417686608,,109.90999999999998,,,,,,,
0.3700745818781481,,110.12,,,,,,,
0.3700940307622378,,,,106.25,,,,,
0.37014654132455393,,110.22,,,,,,,
0.37039945483018055,,110.19,,,,,,,
0.3709363162691921,,110.39000000000001,,,,,,,
0.3710807086659156,,114.37000000000002,,,,,,,
0.37132969321484754,,110.47,,,,,,,
0.37222496089678647,,110.64,,,,,,,
0.3723049091988222,,,,107.38,,,,,
0.37461596666431296,,111.15,,,,,,,
0.3748719650482548,,111.23,,,,,,,
0.37548170515549284,,,105.85,,,,,,
0.37557508647411164,,,,,,,102.04,,
0.37644268398815495,,111.50999999999999,,,,,,,
0.37714044078215103,,,,106.64000000000001,,,,,
0.3771546647975168,,,,106.63,,,,,
0.3771861817999176,,,,106.64000000000001,,,,,
0.37731868055300954,,,,,,,101.55000000000001,,
0.37732174924723294,,,,106.66,,,,,
0.3773686182764662,,,,106.68,,,,,
0.37740572518689675,,,,,,,101.56,,
0.37750115213791213,,,,110.64,,,,,
0.3775053378331841,,,,110.65,,,,,
0.37750561688044004,,,,106.69,,,,,
0.37750980260284517,,,,106.69,,,,,
0.3775834754810399,,,,106.8,,,,,
0.3776074766809545,,,,106.8,,,,,
0.3776133375661177,,,,106.8,,,,,
0.3776320369140558,,,,106.8,,,,,
0.37764962034610194,,,,106.81,,,,,
0.37765548158986295,,,,,,,101.58000000000001,,
0.3777132593757946,,,,106.82,,,,,
0.3782762183100348,,,,110.76,,,,,
0.37830527232170463,,,,110.76999999999998,,,,,
0.3792475076370607,,112.18,,,,,,,
0.379381692156491,,,,110.25,,,,,
0.3797001870914034,,,,110.30000000000001,,,,,
0.3799384547449185,,,,110.34,,,,,
0.3805926437557319,,,,111.13,,,,,
0.3806515091434661,,,,111.14,,,,,
0.38092600023719436,,,,,,,101.68,,
0.381046597730778,,,,110.32,,,,,
0.38124857558740644,,,,110.52,,,,,
0.3812825333893659,,,106.32,,,,,,
0.38156039711069667,,112.63,,,,,,,
0.3817279483331282,,,,110.75,,,,,
0.3819419550877241,,112.17,,,,,,,
0.3845034966857428,,,102.77,,,,,,
0.385222124441837,,,,113.16,,,,,
0.38556167308202105,,,,113.22,,,,,
0.3858468757406892,,,,107.51,,,,,
0.38592059571758686,,,,107.51,,,,,
0.38596268458526173,,,,113.34,,,,,
0.3860858586424796,,,,107.53,,,,,
0.38611185229592104,,,,113.35000000000001,,,,,
0.3862893132791634,,,,113.44000000000001,,,,,
0.38634753490078944,,,,107.64,,,,,
0.3864080227354605,,,,106.82,,,,,
0.38688249821591847,,,,107.56,,,,,
0.3870672299247515,,,,113.62000000000002,,,,,
0.38713598644849734,,,,107.45,,,,,
0.3872576710759019,,,,113.63,,,,,
0.3873021054349599,,,,113.62000000000002,,,,,
0.38740173931210986,,,,113.66999999999997,,,,,
0.3878400718411332,,,,113.75,,,,,
0.38784941915440374,,,,113.76,,,,,
0.38926486436790997,,,108.08,,,,,,
0.3893454773024876,,,108.11,,,,,,
0.38947606739858,,,107.06,,,,,,
0.38948373323220076,,,108.1,,,,,,
0.3895021883637775,,,108.1,,,,,,
0.3923624008095359,,,,107.95000000000002,,,,,
0.39255658029061413,,,,109.06,,,,,
0.3925580061845959,,,,106.67,,,,,
0.39278476047686484,,,,108.96000000000001,,,,,
0.39352000900049977,,,,110.67,,,,,
0.39501201146371634,,,,111.17,,,,,
0.3950495027161409,,,,110.36,,,,,
0.39551645190762996,163.91,,,,,,,,
0.39577310640799435,,,,,99.61,,,,
0.3979380824442207,,,,108.02,,,,,
0.3986727418428584,,,,110.82,,,,,
0.3987863882450928,,,,108.13000000000001,,,,,
0.39880048744082863,,,,108.13,,,,,
0.3988496929833494,,,,108.12,,,,,
0.402471608715371,,,,108.33,,,,,
0.4030468813672281,,,,108.43,,,,,
0.40325158154707674,,,,108.46,,,,,
0.40511109159567926,,,,107.18,,,,,
0.4053329492089939,,,,107.25000000000001,,,,,
0.4118883071770645,,116.28,,,,,,,
0.4121817623181083,,,,,,101.94,,,
0.4123971749635249,,,,,,101.92999999999999,,,
0.4125667589140025,,,,,,101.95000000000002,,,
0.41271753253093757,,119.75,,,,,,,
0.413107989712574,,,,,,101.77,,,
0.4131099865895862,,,,,,101.76999999999998,,,
0.4131416521079432,,,,,,101.77,,,
0.4131850162011568,,,,,,101.77999999999999,,,
0.4168084487121413,,,,,,101.65,,,
0.4177042911883604,,,111.28,,,,,,
0.4196583007734007,,,,109.85,,,,,
0.4268728674620599,,112.56,,,,,,,
0.42795973724724856,,112.74000000000001,,,,,,,
0.42845540301012286,,112.83000000000001,,,,,,,
0.42958293143332216,,112.99,,,,,,,
0.42980456205699036,,113.01000000000002,,,,,,,
0.4298790383614075,,113.02,,,,,,,
0.42996140942716354,,113.04000000000002,,,,,,,
0.430096962617061,,,112.36,,,,,,
0.4319512546946416,,,,,,,101.02,,
0.4327788619606061,,,,,,,100.94,,
0.4327915414729939,,,,,,,100.95,,
0.4390166944982372,,,,,,,100.71,,
0.4406370497033789,,,,,,,104.58,,
0.44193334422794095,,,,,,,104.63000000000001,,
0.4423414971865325,,,,,,,104.63000000000001,,
0.44280423430980465,,,,,,,104.67,,
0.4428461583319254,,,,113.9,,,,,
0.4430830025265977,,,,,,,104.67,,
0.44308907647710694,,,,,106.6,,,,
0.44310729863542186,,,,,106.96000000000001,,,,
0.443138537691772,,,,,106.59999999999998,,,,
0.44314490136906337,,,,,106.96999999999998,,,,
0.4431732493406504,,,,,106.58000000000001,,,,
0.4431940771315075,,,,,106.97,,,,
0.44325801063320336,,,,,106.58000000000001,,,,
0.44344376814203335,,,,,106.26,,,,
0.44359947092079377,,,,,106.26,,,,
0.44389591997126665,,,,,106.31,,,,
0.4440016172818113,,,,,,,104.77,,
0.4444755630846615,,,,,,,104.82,,
0.44456395536056625,,,,,106.31000000000002,,,,
0.44510178735006045,,,,,106.39,,,,
0.44521955494463805,,,,114.27,,,,,
0.44554336971417996,,,,114.31999999999998,,,,,
0.4457404570587977,,,,114.335,,,,,
0.4459146585020686,,,,,,,104.93000000000002,,
0.44595647309526876,,,,,,,104.93000000000002,,
0.4461522207776323,,,,114.40000000000002,,,,,
0.44615599684737983,,,,114.4,,,,,
0.4463889894441728,,,,114.48,,,,,
0.4466424032588032,,,,114.49,,,,,
0.447004369350277,,,,,106.99,,,,
0.44716374999522635,,,,114.23000000000002,,,,,
0.44751462743687576,,,108.92000000000002,,,,,,
0.4483587681225891,,,109.05000000000001,,,,,,
0.45352328998536584,,,,111.66,,,,,
0.45371199300279974,,,,111.68,,,,,
0.45417353864647936,,,,111.74,,,,,
0.4559522868258361,,,,,,,,98.56,
0.45608331385147793,,,,,,,,98.4,
0.4571574460644303,,,,,,,102.81,,
0.45835780808821447,,,,,,,,98.43,
0.4590277646904337,,,,114.51,,,,,
0.4610140573902557,,115.26,,,,,,,
0.46689552953400604,,,,111.99,,,,,
0.4671502013357993,,,,116.18000000000002,,,,,
0.46755660386203823,,,,,106.88000000000001,,,,
0.4688556696298789,,,,,,,102.84,,
0.46895756038792724,,,,,107.05,,,,
0.4692953993912219,,,,113.46,,,,,
0.4710043588719439,,,,116.06000000000002,,,,,
0.47551445245912927,,,,113.53,,,,,
0.47877435074104047,,,,,,,,97.64,
0.4793106083829244,,,,114.30999999999999,,,,,
0.48207187060524515,,,,,,,104.8,,
0.4821908592466271,,,,,,,104.34,,
0.4838214006614545,,,,111.35999999999999,,,,,
0.4840780072625006,,,,,,,104.71,,
0.4843573474864058,,,,,,,104.73,,
0.4847222084747944,,,,112.34000000000002,,,,,
0.4847540504915362,,,,112.34,,,,,
0.48487990105750267,,,,112.35999999999999,,,,,
0.48643964466660305,,,,113.51,,,,,
0.48681044261314366,,,,,,,103.39,,
0.5015738370779872,,,,114.02,,,,,
0.5022620208875324,,,114.1,,,,,,
0.5023818762265695,,,,,,106.01,,,
0.5024737011267131,,,114.12,,,,,,
0.503074087122984,,,,,,106.09,,,
0.5031066574015712,,117.12,,,,,,,
0.5056760851585298,,,,113.41,,,,,
0.5067325834269463,,,113.62000000000002,,,,,,
0.5070804523501979,,,113.74,,,,,,
0.5070839223868526,,,113.75,,,,,,
0.5076096597576265,,,,,,,102.67,,
0.5080217587161109,,119.82,,,,,,,
0.5118510222002723,,,,114.34,,,,,
0.513155627215617,,,,114.44,,,,,
0.5150619249998054,,,,,,,102.07000000000001,,
0.5171127281509975,,,,,,102.8,,,
0.5172827610176476,,,,,,103.38,,,
0.5172870583708422,,,,,,102.81,,,
0.5181433949692524,,,,115.03,,,,,
0.5182221449990712,,,,,,,101.28,,
0.5188543619071326,,,,,,,102.52,,
0.5191056012588322,,,,115.29,,,,,
0.5193033825179669,,,,115.3,,,,,
0.520028593426763,,,,,,,101.4,,
0.5201267826273426,,,,,,101.3,,,
0.5206825499142926,,,,,,,100.86,,
0.5233220607500837,,,,,,,102.06,,
0.5281167367087463,,,,,,105.53,,,
0.5398908730667953,,,,,,103.74,,,
0.5488823183670541,,120.96,,,,,,,
0.5496772064262183,,,115.41,,,,,,
0.5501852576125092,,,115.57,,,,,,
0.5503174379705422,,,115.66,,,,,,
0.5504122839584289,,,115.61,,,,,,
0.5504428190402757,,,115.68,,,,,,
0.5525018357285221,,,115.97000000000001,,,,,,
0.552732799235216,,,115.98,,,,,,
0.5533109978406878,,,116.07,,,,,,
0.5609278661483261,212.63,,,,,,,,
0.5610882303862448,,,114.91,,,,,,
0.5672392662394721,,,,,,101.46,,,
0.5690540696032385,,,,,,101.27,,,
0.5988370564147552,,,117.41,,,,,,
0.6108711248733201,,,,116.1,,,,,
0.611453567375478,,,,,105.64,,,,
0.6145627098174697,,,,,,,,99.35,
0.614980559671513,,,,,,102.53,,,
0.6149828418166701,,,,,,102.53,,,
0.615007619807826,,,,,,102.51,,,
0.6150392454536644,,,,,,102.53000000000002,,,
0.6178595515900018,,,,119.69000000000001,,,,,
0.6187978038579593,,,,,,,106.18,,
0.6198529173551042,,,,118.68,,,,,
0.6246415888344883,,,,,,102.79,,,
0.6280569567586036,,,,117.93,,,,,
0.6282521283290632,,,,,,,,,93.84
0.6289115511208438,,,,120.74,,,,,
0.6289941409153237,,,,120.73,,,,,
0.6293677238547581,,,,122.04,,,,,
0.6297182380138298,,,,123.26,,,,,
0.6302187121801996,,,,124.52000000000001,,,,,
0.6302393089415568,,,,119.58,,,,,
0.6305220687085695,,,,125.63,,,,,
0.6306912398247415,,,,118.21,,,,,
0.6313070664347764,,,,118.27,,,,,
0.6313363397502627,,,,118.28,,,,,
0.6315313002141996,,,,120.97,,,,,
0.6316371173785464,,,,122.36,,,,,
0.6319999281920032,,,,118.85,,,,,
0.632032555785423,,,,125.84,,,,,
0.6321201240411294,,,,125.89,,,,,
0.6322223543868934,,,,122.46,,,,,
0.6326014177102559,,,,122.46000000000001,,,,,
0.6326523948357574,,,,125.91,,,,,
0.6327566912920393,,,,118.39,,,,,
0.632819342214646,,,,125.94000000000001,,,,,
0.6328370053116186,,,,118.4,,,,,
0.6329893237199251,,,,125.94866666666665,,,,,
0.6330169907252798,,,,125.96999999999998,,,,,
0.6332893774329631,,,,126.02000000000001,,,,,
0.6356165313398439,,,,,,,,,96.49
0.6370915840191211,,,,,106.19,,,,
0.6378859396705188,,,,121.46699999999998,,,,,
0.6380992397376668,,,,121.01890000000002,,,,,
0.6389348644262836,,,,117.47,,,,,
0.6412724210635159,,,,124.08520000000001,,,,,
0.6414694270163708,,,,124.37862499999999,,,,,
0.6423627769973135,,,,,102.11,,,,
0.6430292941854219,,,,,,,103.25,,
0.6430724880451073,,,,,103.14,,,,
0.6432192966528445,,,,,103.14,,,,
0.6446015952635473,,,,116.73,,,,,
0.6447537495245634,,,,,,,,98.98,
0.6464869114581082,,,,,103.0,,,,
0.6467749970152201,,,,,,,103.53000000000002,,
0.6470889555685402,,,,,,,103.61,,
0.6480234019323075,,,,118.69,,,,,
0.6480325684196171,,,,118.68,,,,,
0.6496270502544448,,,,,,,,99.31,
0.6508835322304054,,,,117.58,,,,,
0.6528170924426797,,,,,,,103.19,,
0.6547052163340914,,,,118.15,,,,,
0.6712375012325376,,,,122.51,,,,,
0.67138310085439,,,,122.51,,,,,
0.6715901962906576,,,,122.53,,,,,
0.6716733282848799,,,,,,,102.38,,
0.6720024444675738,,,,,,,102.39,,
0.672682748953737,,,,,,,102.44,,
0.6729825242336747,,,,,,,102.51,,
0.6734063105825379,,,,,,,102.46,,
0.6740050864644551,,,,,,,102.92000000000002,,
0.6743228567464012,,,,,104.03,,,,
0.6746961368528188,,,,,,,102.62,,
0.6756098853442991,,,,121.41,,,,,
0.676927717498049,,,,,105.23,,,,
0.6775423836325545,,,,,105.30000000000001,,,,
0.6802056235642118,,,,122.02,,,,,
0.6813557612180581,,,,,,,102.56,,
0.6823125236180907,,,,,,,103.45,,
0.6824229077020689,,,,,,,103.45,,
0.6877665616313278,,,,,105.0,,,,
0.6880080112860216,,,,,,,102.78,,
0.688634392923271,,,,,,,102.81,,
0.6887972997819976,,,,123.06,,,,,
0.6893172434312482,,,,123.06,,,,,
0.6896651210454972,,,,123.12,,,,,
0.6906385118999818,,,,,,,102.45,,
0.6907178322968528,,,,,,,102.45,,
0.6908025203947772,,,,,,,102.46,,
0.6908868595898121,,,,,,,,99.42,
0.6909329638081161,,,,,,,102.21,,
0.717821622220759,,,,,106.37,,,,
0.7246799024898833,,,,,105.39,,,,
0.7312534109814228,,,,,106.71,,,,
0.7527017499133608,,,,,107.02,,,,
0.7722437229846115,,,,120.74999999999999,,,,,
0.7722444368139474,,,,120.757,,,,,
0.7724286239971931,,,,120.74,,,,,
0.7801678779225603,,,,,,,102.79,,
0.7810945716690192,,,,,,,,98.43,
0.7819969706051499,,,,126.96,,,,,
0.7862199222385393,,,,,,,107.21,,
0.7891313523311976,,,,,,,107.05,,
0.792201925761701,,,,129.4,,,,,
0.7928493020519161,,,,129.5,,,,,
0.7929285674847106,,,,129.49,,,,,
0.7934737528173332,,,,129.52,,,,,
0.7935095741821037,,,,129.55,,,,,
0.7937069828809011,,,,129.54,,,,,
0.7941366797788154,,,,129.63,,,,,
0.7987118770171633,,,,,106.27,,,,
0.7996226518503189,,,,,107.74,,,,
0.8008781327349506,,,,,,,105.67999999999999,,
0.8035961658004964,,,,,,,,100.24,
0.8064855705938636,,,,,,,104.66000000000001,,
0.8067344383704405,,,,,,,104.67,,
0.8112373694494064,,,,,107.92000000000002,,,,
0.8183790597120555,,,,126.07,,,,,
0.8184121253373617,,,,,,,,99.99,
0.8190711418511676,,,,,,104.14,,,
0.8206022997443672,,,,,,104.59,,,
0.8206431806393613,,,,,,104.59,,,
0.821573993752406,,,,,,104.28,,,
0.8216219235841749,,,,,,104.28,,,
0.8226722197413627,,,,,,104.36,,,
0.823265228974764,,,,,,104.37,,,
0.8234464547020675,,,,,,,104.02,,
0.8318487725572401,,,,,106.72,,,,
0.8362004838805592,,,,,,,103.23,,
0.8362419065087634,,,,,,108.93999999999998,,,
0.8376336342492441,,,,,,105.76,,,
0.8377904857586553,,,,,,105.76,,,
0.8381290460539148,,,,,,105.79,,,
0.8382367959450947,,,,,,105.79,,,
0.8382694612992196,,,,,,105.79,,,
0.8404847669559365,,,,,,,103.2,,
0.8404982396052634,,,,,,,103.2,,
0.8414264023717573,,,,,,,103.52,,
0.8415362262611854,,,,,,,103.53000000000002,,
0.8434156648854663,,,,125.96,,,,,
0.8504663385453399,,,,,,,103.54,,
0.858612005450802,,,,,,,103.92,,
0.8787394743620949,,,,,,104.27,,,
0.8858060616092842,,,,,,105.02,,,
0.8996679802518961,,,,,,104.32,,,
1.002743357851585,,,,,,,,103.59000000000002,
1.0042168722993177,,,,129.22,,,,,
1.0069589293917733,,,,,108.73,,,,
1.0081990751841619,,,,,109.48999999999998,,,,
1.0139133215734222,,,,,111.8,,,,
1.013914132743122,,,,,111.81,,,,
1.0141234363604466,,,,,111.8,,,,
1.0180543211789956,,,,132.99,,,,,
1.020738026066308,,,,,,,104.69,,
1.0209687635025975,,,,,,,104.38999999999999,,
1.021833374241762,,,,,,105.75,,,
1.02228844992197,,,,,,,108.34,,
1.0224753642275881,,,,,,,108.35000000000001,,
1.0227879195868983,,,,,,,108.05,,
1.022841521896956,,,,,,,108.06,,
1.0230997529795203,,,,,,,104.23,,
1.0239293211498186,,,,,,,104.28,,
1.0251175327588076,,,,,,,,99.51,
1.0265457224179526,,,,,,108.13,,,
1.0321874099486954,,,,,,,108.15,,
1.034647607173028,,,,,,108.39,,,
1.0371345176961801,,,,,,,,,96.71
1.0374947942008008,,,,,,109.01000000000002,,,
1.0376637695842414,,,,136.89,,,,,
1.0377401706036826,,,,136.96,,,,,
1.037990590189847,,,,136.99,,,,,
1.038003050482966,,,,136.99,,,,,
1.0380117727788067,,,,136.99,,,,,
1.0380184183876544,,,,136.94,,,,,
1.0383981207600046,,,,136.96,,,,,
1.0383997827881193,,,,136.96,,,,,
1.0385693238942135,,,,136.98,,,,,
1.0388103867602916,,,,137.03,,,,,
1.0390777006870469,,,,137.03,,,,,
1.0390951637556545,,,,,,,104.17,,
1.0394083023904108,,,,137.04,,,,,
1.0395900750283604,,,,137.09,,,,,
1.0397123842361236,,,,137.11,,,,,
1.0398047498893406,,,,137.1325,,,,,
1.0400024072028402,,,,137.15,,,,,
1.0400044880098736,,,,,,,105.72,,
1.0400132274457667,,,,137.15,,,,,
1.0400848104057383,,,,137.15,,,,,
1.0400927181338537,,,,137.15,,,,,
1.0401501550514118,,,,137.14999999999998,,,,,
1.040165555354486,,,,137.16,,,,,
1.0402013515517874,,,,137.16,,,,,
1.040218833872121,,,,137.14,,,,,
1.0402966754589849,,,,137.18,,,,,
1.0407451086911048,,,,137.18,,,,,
1.0407496898060473,,,,137.15,,,,,
1.0407730121646397,,,,137.19,,,,,
1.0409412821193134,,,,137.22999999999996,,,,,
1.040955028168241,,,,137.28,,,,,
1.0412508213482994,,,,137.23,,,,,
1.041423337510766,,,,137.29,,,,,
1.042590462246392,,,,,,,104.92,,
1.0466752476937549,,,,,108.41,,,,
1.0502457834645216,,,,,,109.46,,,
1.0505261957797298,,,,,,,,102.21,
1.051403241873571,,,,,,,,,98.22
1.0514848852748107,,,,,,,105.43,,
1.0546183299897844,,,,,,,105.56,,
1.0552965196841915,,,,,,108.08,,,
1.0553750936223354,,,,,,,,,97.17
1.057233469460472,,,,,,,103.56000000000002,,
1.0574522979684713,,,,,,,,101.39,
1.0577698302134113,,,,,,,,,96.77
1.0579036464817873,,,,,,,,,96.77
1.0598518801710006,,,,,,,,,96.87
1.0632884856948084,,,,,,,104.18,,
1.0638173604188723,,,,,,,104.49999999999999,,
1.0639805061169159,,,,,,,104.5,,
1.0717698363156805,,,,137.08,,,,,
1.0720982439796223,,,,,,,105.27000000000001,,
1.0822986911711578,,,,,,,104.67999999999999,,
1.082677723741547,,,,,,,104.69000000000001,,
1.0900576584206227,,,,,,105.8,,,
1.0922419250969022,,,,,,105.96,,,
1.094845820395042,,,,,,,,,98.06
1.0955077970701868,,,,,,,,,98.07
1.095945686501858,,,,,,,,,97.8
1.096050244839629,,,,,,107.49000000000001,,,
1.1012137871562886,,,,,,106.86,,,
1.1021033646266454,,,,,,,104.95,,
1.1065505929202626,,,,,,,,,98.36
1.106553255456868,,,,,,,105.15,,
1.108199102539642,,,,,,,,,98.53
1.1100313846068146,,,,,,,,101.62000000000002,
1.1123116082084428,,,,,,,,,98.85
1.1155366492395808,,,,,,,,,99.17000000000002
1.1210090827971952,,,,,,,,,98.82
1.1213820889164574,,,,,,,,,99.11
1.406783277990689,,,,,,,,,100.16
1.423006446206733,,,,,,,108.17,,
1.4240994268620923,,,,,,,110.08,,
1.4242747479057298,,,,,,,110.45000000000002,,
1.424382499675739,,,,,,,110.44999999999999,,
1.4249267924705213,,,,,,,110.09999999999998,,
1.425426228235842,,,,,,,110.86,,
1.427032285596979,,,,,115.19999999999999,,,,
1.430417649044856,,,,,,,,101.5,
1.4336767318804147,,,,,,,109.79,,
1.4339181092026037,,,,,,,109.8,,
1.4340045033139983,,,,,,,109.8,,
1.4360372738063263,,,,,,,109.87000000000002,,
1.4363543043883613,,,,,,,109.88,,
1.440140308067714,,,,,,111.3,,,
1.44102235712035,,,,,,111.32,,,
1.4442308005670617,,,,,,,,102.39,
1.444295025594824,,,,,,,,102.54,
1.444426971318316,,,,,,,,102.39,
1.4476004439131338,,,,148.22,,,,,
1.447903014082582,,,,148.2,,,,,
1.4479614397114018,,,,148.18,,,,,
1.4481112617606247,,,,148.22,,,,,
1.4488381589389836,,,,148.29,,,,,
1.4520551696066128,,,,148.42,,,,,
1.4521644029102285,,,,148.43,,,,,
1.4540308888867983,,,,,115.60999999999999,,,,
1.4561188777910976,,,,,113.21,,,,
1.4605910708840928,,,,,,,,102.93,
1.4619197434679627,,,,,,,,101.5,
1.4620005601051274,,,,150.1,,,,,
1.4631188996755249,,,,,,,,101.52,
1.4632372109750356,,,,,,110.93,,,
1.463248840476926,,,,,,110.92,,,
1.4633423861166022,,,,,,110.93,,,
1.4635451770046943,,,,,,110.94000000000001,,,
1.4635775457224596,,,,,,110.94000000000001,,,
1.4635826034114459,,,,,,110.94000000000001,,,
1.464365278078978,,,,,,,,101.53,
1.4646477094180352,,,,150.24,,,,,
1.4647884430999478,,,,,,,,101.55,
1.4648314763909198,,,,,,110.97000000000001,,,
1.473384833327871,,,,145.55,,,,,
1.4750892579063635,,,,145.67,,,,,
1.4766697707594458,,,,144.49000000000004,,,,,
1.4768911218521037,,,,,,,,101.88,
1.477082343790543,,,,,,,,,98.86
1.4799660079325845,,,,149.55,,,,,
1.4917610957602476,,,,,,,,,98.26
1.4931215814368817,,,,,116.67000000000002,,,,
1.5123776472085813,,,,,,,,,98.32
1.5137712769790501,,,,,,,,102.7,
1.516339430703367,,,,,116.14,,,,
1.5188361717468442,,,,,116.23,,,,
1.5209866889801997,,,,,,110.0,,,
1.5277957473628243,,,,,116.65,,,,
1.5287124765409232,,,,,116.67000000000002,,,,
1.5295898775931458,,,,,,,,103.1,
1.5303328927039752,,,,,,,,103.1,
1.811062655976329,,,,,,,,104.85,
1.8111072469541654,,,,,,,,104.85,
1.8303303864876792,,,,,,,,102.84,
1.8333766097879804,,,,,,,,103.77,
1.8335067844272088,,,,,,,,104.0,
1.8757991640462657,,,,,,,108.58,,
1.8782693542027054,,,,,,,,102.84,
1.8782894736842106,,,,,,,,,100.32
2.2331396817378124,,,,,,,,103.49,
2.243722130598335,,,,,,,,107.02,
2.282233740583323,,,,,,,,,100.94
2.284088427364995,,,,,,,111.74,,
2.284331787302568,,,,,,,111.73999999999998,,
2.285484360478416,,,,,,,,103.66000000000001,
2.285512021380469,,,,,,,,,100.5
2.2856078261535613,,,,,,,,,100.58
2.288738045437205,,,,,,,,103.69,
2.2978600392321678,,,,,,,,103.92,
2.3005036362267406,,,,,,,,103.92,
2.3583995882602107,,,,,,,110.59,,
3.071898323070114,,,,,,,,104.69,
3.101072574015645,,,,,,,,106.23000000000002,
3.108983388201959,,,,,,,,,101.98
3.1770902472879197,,,,,,,,,101.27
5.003771569299834,,,,,,,,,106.7
5.004712498368719,,,,,,,,,106.7
5.153107780912444,,,,,,,,,105.2
6.9724376884235815,,,,,,,,,106.86
7.284660950250611,,,,,,,,,108.72
