,m,spdy,spdy_up,spdy_dn,epk,ret,spd_ret,cb_ret_up,cb_ret_dn,epk_ret,volatility,epk_up,epk_dn,cdf_m,cdf_ret
0,0.7984299709997809,0.07335763244142579,0.07358459502511597,0.07313066985773561,297419382078.2829,-0.22510801586206614,0.058570932342820174,inf,inf,inf,1.7789398663609708,298339573599.59357,296499190556.9723,0.003076588635797517,0.003076588635797517
1,0.7999902737335587,0.07652108733763785,0.07675367232413366,0.07628850235114204,64767252063.53981,-0.22315570922116845,0.061216125605626455,inf,inf,inf,1.768638150456754,64964111399.582726,64570392727.4969,0.003217939082416632,0.003217939082416632
2,0.8015505764673365,0.07984871247951486,0.08008713905043406,0.07961028590859566,14875651031.91281,-0.2212072066559745,0.06400278151812974,inf,inf,inf,1.7585130262327564,14920069412.066898,14831232651.75872,0.0033641990077691863,0.0033641990077691863
3,0.8031108792011143,0.08334641764837203,0.08359091976781464,0.08310191552892941,3461413321.48271,-0.21926249337080184,0.06693641475584733,inf,inf,inf,1.748559873730197,3471567601.861501,3451259041.103918,0.0035156666057941655,0.0035156666057941655
4,0.8046711819348922,0.08702043156322659,0.08727126047437601,0.08676960265207716,831897146.2665887,-0.21732155465612057,0.07002283351846593,inf,inf,inf,1.7387741615068693,834295018.2563956,829499274.2767818,0.0036726484870948095,0.0036726484870948095
5,0.80623148466867,0.09087730669488336,0.09113473375485961,0.09061987963490711,213393626.57454687,-0.21538437588788598,0.07326814589930587,inf,inf,inf,1.7291514450556278,213998104.14881292,212789149.00028083,0.0038354602427466133,0.0038354602427466133
6,0.8077917874024478,0.09492392456037235,0.09518824443505698,0.09465960468568772,58068123.1803635,-0.2134509425268771,0.0766787666878783,318863229367413.3,317092382781721.06,317977806074567.2,1.7196873652967113,58229816.44276589,57906429.917961106,0.004004427007992084,0.004004427007992084
7,0.8093520901362257,0.099167501509829,0.09943903574551588,0.09889596727414213,16694259.469262157,-0.21152124011804227,0.08026142462056741,201532664105496.2,200432029580964.53,200982346843230.34,1.7103776470643248,16739970.643954758,16648548.294569558,0.004179884028337022,0.004179884028337022
8,0.8109123928700035,0.10361559499268247,0.10389469597553458,0.10333649400983036,5056232.826678277,-0.2095952542898506,0.0840231700741653,112452963081748.67,111848779543290.86,112150871312519.77,1.7012180976442908,5069852.393805741,5042613.259550813,0.004362177227608566,0.004362177227608566
9,0.8124726956037813,0.1082761103148322,0.10856316562078841,0.10798905500887598,1561356.4587594182,-0.20767297075364965,0.08797138321698411,1648923130259283.2,1640203190472187.8,1644563160365735.5,1.6922046053466875,1565495.835900624,1557217.0816182124,0.004551663779808313,0.004551663779808313
10,0.8140329983375593,0.11315730788198719,0.11345274500962611,0.11286187075434827,503451.5833458066,-0.20575437530302942,0.09211378261898036,156794870366637.94,155978265600914.47,156386567983776.22,1.68333313810307,504766.0215599436,502137.14513166953,0.004748712685032852,0.004748712685032852
11,0.8155933010713371,0.1182678109418338,0.118572102408423,0.11796351947524461,171975.47652679923,-0.20383945381319285,0.09645843433653103,93640913046937.3,93160291885887.89,93400602466412.6,1.6745997421043795,172417.95254417858,171533.0005094199,0.004953705350818516,0.004953705350818516
12,0.8171536038051149,0.12361661382353617,0.12393028259041759,0.12330294505665475,62002.26077702528,-0.2019281922403311,0.10101376147608777,24036800173225.14,23915125416861.855,23975962795043.5,1.666000540478634,62159.58730523412,61844.93424881644,0.0051670361792584,0.0051670361792584
13,0.8187139065388928,0.12921309069360132,0.12953671587127497,0.12888946551592767,23530.58173233686,-0.20002057662100609,0.10578855425772259,3789549467367.8066,3770614393841.6465,3780081930604.7266,1.6575317319901102,23589.51607600912,23471.647388664598,0.005389113161473724,0.005389113161473724
14,0.8202742092726706,0.13506700482845835,0.13540122759533874,0.13473278206157796,9382.038381552704,-0.19811659307153834,0.11079198058449165,693017701018.1063,689596427848.8026,691307064433.4545,1.649189589789396,9405.254198256738,9358.822564848668,0.005620358479607512,0.005620358479607512
15,0.8218345120064484,0.14118851842296198,0.1415340480750055,0.14084298877091847,3844.131570883408,-0.19621622778740053,0.11603359713904841,134169564190.31459,133514462983.78456,133842013587.04958,1.6409704601902109,3853.5392866023144,3834.7238551645014,0.005861209117826949,0.005861209117826949
16,0.8233948147402262,0.14758820294434738,0.14794582297724437,0.14723058291145039,1651.9369594779403,-0.19431946704261716,0.12152336102120383,27899103259.110664,27764225801.612537,27831664530.361603,1.6328707614915505,1655.939757384593,1647.9341615712874,0.006112117482890866,0.006112117482890866
17,0.8249551174740041,0.15427705004945924,0.15464762416159153,0.15390647593732695,747.8297489261481,-0.19242629718916957,0.12727164194709445,6169815597.354739,6140246776.632077,6155031186.993408,1.624886982827318,749.6260390752375,746.0334587770587,0.00637355203553136,0.00637355203553136
18,0.8265154202077819,0.1612664830797199,0.16165096097429263,0.1608820051851472,355.841407215312,-0.1905367046564067,0.13328923502806586,1368785939.4477413,1362274775.7287297,1365530357.5882354,1.6170156830606512,356.68977416940686,354.9930402612171,0.0066459979334394514,0.0066459979334394514
19,0.8280757229415597,0.16856836914884532,0.168967792008364,0.16816894628932663,177.674858621001,-0.1886506759504616,0.1395873741480098,319659395.7129955,318148110.41548294,318903753.0642392,1.6092534897162414,178.0958593132027,177.25385792879928,0.006929957686838795,0.006929957686838795
20,0.8296360256753376,0.1761950318475023,0.1766105373541311,0.1757795263408735,92.97100332124748,-0.186768197653673,0.14617774596570132,80287741.21953472,79909960.83234738,80098851.02594104,1.6015970979463565,93.19024879844243,92.75175784405255,0.00722595182796848,0.00722595182796848
21,0.8311963284091154,0.18415926457846132,0.1845920913602718,0.18372643779665085,50.377691634644314,-0.18488925642401274,0.1530725045601399,21526622.591475382,21425672.450969823,21476147.521222603,1.5940432695372486,50.4960935743739,50.25928969491473,0.007534519595393974,0.007534519595393974
22,0.8327566311428932,0.19247434454060408,0.19292583593616,0.19202285314504816,28.632838220397048,-0.18301383899451837,0.16028428674106998,6131489.623982962,6102791.396047489,6117140.510015225,1.5865888319563979,28.700002912489957,28.565673528304142,0.007856219634108208,0.007856219634108208
23,0.834316933876671,0.20115404738455012,0.20162565443586994,0.2006824403332303,17.06967181118267,-0.18114193217273097,0.16782622805076045,1810309.7402807353,1801841.0278941288,1806075.384087432,1.5792306774370228,17.109691774462252,17.029651847903086,0.008191630712997555,0.008191630712997555
24,0.8358772366104489,0.2102126625561398,0.2107059461617265,0.2097193789505531,10.659643988310359,-0.17927352284013853,0.17571197947795092,551419.1304138192,548837.2762061432,550128.2033099813,1.571965762098712,10.684657836462442,10.634630140158276,0.008541352460612828,0.008541352460612828
25,0.8374375393442267,0.219665009347074,0.2201816415304879,0.21914837716366012,6.965612398400297,-0.17740859795162414,0.1839557249076402,179631.16485667636,178788.19502264293,179209.67993965963,1.5647911051092507,6.981994887140297,6.949229909660297,0.008906006120700694,0.008906006120700694
26,0.8389978420780045,0.22952645366466107,0.2300682179381165,0.22898468939120564,4.758798907182575,-0.17554714453491962,0.19257219932446773,62237.6503554353,61944.53611541927,62091.09323542728,1.5577037878878093,4.770031369460047,4.747566444905103,0.009286235328517911,0.009286235328517911
27,0.8405581448117824,0.23981292554531586,0.24038171637005237,0.23924413472057934,3.386352978143743,-0.1736891496900641,0.2015767077982568,22849.560828941776,22741.4276419006,22795.49423542119,1.5507009533401477,3.3943847658336996,3.3783211904537866,0.009682706909831529,0.009682706909831529
28,0.8421184475455603,0.25054093741430505,0.2511387587783604,0.24994311605024974,2.5213648830506714,-0.17183460058886746,0.21098514526194395,8844.61523398821,8802.507038746284,8823.561136367247,1.543779805140464,2.5273811684897813,2.515348597611562,0.010096111703436383,0.010096111703436383
29,0.8436787502793381,0.2617276031095159,0.262356566257841,0.26109863996119087,1.9624408095718044,-0.16998348447437936,0.220814017105043,3514.101051913219,3497.2519210325268,3505.676486472873,1.5369376070464693,1.9671567926600435,1.9577248264835652,0.010527165409068395,0.010527165409068395
30,0.845239053013116,0.27339065767544746,0.2740529780364962,0.2727283373143987,1.595472399769388,-0.16813578866036216,0.23108046059622817,1484.8572250036202,1477.680136979134,1481.268680991377,1.5301716822539138,1.599337615445898,1.5916071840928778,0.01097660946214929,0.01097660946214929
31,0.8467993557468938,0.28554847792741445,0.2862464712843972,0.2848504845704317,1.354125487633313,-0.16629150053076952,0.2418022671434407,664.7233945450716,661.4816252296869,663.1025098873793,1.5234794127901026,1.3574355056090674,1.3508154696575587,0.011445211936687238,0.011445211936687238
32,0.8483596584806716,0.2982201037892276,0.29895618174378913,0.29748402583466604,1.1993759760417737,-0.1644506075392296,0.25299790540269956,314.4232374477724,312.87491680668586,313.64907712722913,1.5168582389463223,1.202336320445044,1.1964156316385035,0.011933768478220141,0.011933768478220141
33,0.8499199612144495,0.31142526039533736,0.31220192516737566,0.31064859562329905,1.1093473522825443,-0.1626130972085329,0.26468654523640495,156.83576455615363,156.05544385018004,156.44560420316685,1.5103056587456445,1.1121139583291382,1.1065807462359503,0.012443103268166666,0.012443103268166666
34,0.8514802639482273,0.32518438094797464,0.3260042195488552,0.32436454234709405,1.0706288788362175,-0.16077895713012477,0.27688808252142233,81.4136563818641,81.00417666265649,81.2089165222603,1.5038192274492963,1.073328094830321,1.067929662842114,0.012974070021401829,0.012974070021401829
35,0.8530405666820051,0.33951863030575846,0.34038430811440734,0.3386529524971096,1.0777408156441028,-0.1589481749636027,0.2896231647951224,44.514961076901145,44.28853692608988,44.40174900149552,1.4973965570998329,1.0804887541202273,1.0749928771679784,0.013527553018437999,0.013527553018437999
36,0.854600869415783,0.35444992928330743,0.35536418304685286,0.353535675519762,1.1313586214859108,-0.1571207384362182,0.30291321772987734,25.688168729963746,25.555991622307044,25.622080176135395,1.4910353161008305,1.134276802002139,1.1284404409696824,0.01410446817419686,0.01410446817419686
37,0.8561611721495608,0.37000097961930756,0.3709666098927159,0.3690353493458992,1.2383887285702164,-0.15529663534238308,0.31678047240735213,15.61648682324994,15.535187040257755,15.575836931753848,1.4847332288317685,1.2416206812201402,1.2351567759202924,0.014705764144540057,0.014705764144540057
38,0.8577214748833386,0.3861952895748293,0.3872151526084039,0.3851754265412547,1.413823580142405,-0.15347585354318033,0.33124799336712063,9.987276497043887,9.934666706146968,9.960971601595428,1.4784880752985057,1.4175572000085892,1.410089960276221,0.015332423472607215,0.015332423472607215
39,0.8592817776171164,0.403057200098659,0.40413419917831994,0.401980201018998,1.6836310190687027,-0.15165838096587944,0.34633970738215347,6.696520715819271,6.660828875522005,6.678674795670638,1.4722976908188077,1.6881298074728839,1.6791322306645213,0.015985463776006736,0.015985463776006736
40,0.8608420803508943,0.420611911500258,0.4217489877440853,0.4194748352564307,2.0878196766944686,-0.14984420560345615,0.3620804329162483,4.71199340715955,4.68658542316883,4.6992894151641895,1.4661599657411286,2.0934638586371452,2.082175494751792,0.01666593897690838,0.01666593897690838
41,0.8624023830846721,0.43888551054006353,0.4400856331549031,0.43768538792522393,2.691715309776465,-0.14803331551411644,0.37849591019108375,3.486943875594211,3.4679259395994495,3.4774349075968303,1.4600728451963707,2.6990757451027476,2.684354874450182,0.01737494057574751,0.01737494057574751
42,0.8639626858184499,0.4579049978492411,0.459171153854151,0.4566388418443312,3.5930021133076613,-0.14622569882082484,0.3956128317915219,2.7106492930349,2.6957001619722325,2.703174727503566,1.454034328882446,3.6029371461699062,3.583067080445416,0.018113598970395217,0.018113598970395217
43,0.8655229885522278,0.477698315564389,0.47903349899242464,0.4763631321363534,4.915608892267751,-0.14442134371083717,0.41345887371365514,2.2116153532535088,2.1992867283240862,2.2054510407887977,1.4480424708802473,4.929348190309668,4.901869594225835,0.018883084821656237,0.018883084821656237
44,0.8670832912860056,0.49829437504796736,0.49970157564453904,0.4968871744513957,6.726812999850636,-0.14262023843523727,0.4320627267458948,1.8928502419704512,1.8821893991012408,1.8875198205358459,1.4420953794991493,6.745809753056017,6.707816246645255,0.019684610466007668,0.019684610466007668
45,0.8686435940197834,0.5197230845507086,0.5212052759952972,0.51824089310612,8.782533257100846,-0.14082237130847802,0.4514541280591753,1.7003775046263743,1.6907065166068638,1.695542010616619,1.436191217153038,8.807580048445015,8.757486465756676,0.020519431376614716,0.020519431376614716
46,0.8702038967535612,0.5420153766460705,0.5435755043340953,0.5404552489580456,10.299686436140938,-0.13902773070792637,0.4716638928577597,1.6020603761115857,1.5928641605693818,1.5974622683404838,1.4303282002633613,10.329332875484466,10.27003999679741,0.021388847672954237,0.021388847672954237
47,0.8717641994873391,0.5652032352482332,0.566844203681332,0.5635622668151344,10.40669243236282,-0.13723630507341264,0.49272394592383023,1.5823371990821429,1.573175720928715,1.577756460005429,1.4245045991904672,10.436906438068176,10.376478426657465,0.02229420567942242,0.02229420567942242
48,0.8733245022211169,0.5893197220026272,0.5910443818485079,0.5875950621567464,9.23547968570818,-0.1354480829067836,0.5146673528670314,1.637869496238901,1.6283109323147442,1.6330902142768227,1.418718738189866,9.26250756272757,9.208451808688789,0.023236899532983468,0.023236899532983468
49,0.8748848049548947,0.614399001808918,0.6162101367058973,0.6125878669119388,7.643471977163726,-0.1336630527714597,0.5375283508620773,1.7765410615242985,1.7660980151646797,1.771319538344489,1.4129689953936706,7.666003522285327,7.620940432042125,0.0242183728394344,0.0242183728394344
50,0.8764451076886726,0.6404763672131129,0.6423766804097568,0.6385760540164689,6.217692374759145,-0.13188120329199635,0.5613423786341465,2.021801587892488,2.009839583804739,2.015820585848614,1.4072538028145225,6.236140460398651,6.199244289119639,0.02524012037762513,0.02524012037762513
51,0.8780054104224505,0.6675882613724031,0.6695803623089116,0.6655961604358946,5.1311790735544385,-0.13010252315364854,0.586146105419487,2.4100527550864204,2.3957122259410104,2.4028824905137154,1.4015716463722956,5.146490646913753,5.115867500195124,0.026303689850358136,0.026303689850358136
52,0.8795657131562283,0.6957722992701973,0.6978586902259445,0.6936859083144502,4.357597892741671,-0.12832700110194056,0.6119774586019399,3.006608036600828,2.98863030012524,2.997619168363034,1.3959210659400025,4.370664887276716,4.344530898206627,0.027410683680558656,0.027410683680558656
53,0.8811260158900062,0.7250672868192551,0.7272503497692594,0.7228842238692509,3.8236353059546992,-0.1265546259422378,0.6388756496872267,3.919039000362765,3.8955106271030533,3.907274813732909,1.3903006554091157,3.8351476672520564,3.8121229446573417,0.028562760850214364,0.028562760850214364
54,0.882686318623784,0.7555132374616864,0.7577952213049371,0.7532312536184357,3.465652912525251,-0.12478538653932372,0.6668811982465928,5.313161684601298,5.281162144936848,5.297161914769074,1.3847090627715937,3.4761207158151946,3.455185109235307,0.029761638779596478,0.029761638779596478
55,0.8842466213575618,0.7871513858320274,0.7895343941755286,0.7847683774885261,3.236348765857253,-0.12301927181698012,0.6960359534188928,7.388771860196639,7.344169610767183,7.366470735481911,1.379144990217549,3.2461464315291058,3.2265511001854,0.031009095243112905,0.031009095243112905
56,0.8858069240913397,0.8200241980139467,0.8225101777188613,0.8175382183090321,3.102374130602598,-0.12125627075757096,0.7263831125232018,10.221318675604198,10.159532228522199,10.190425452063199,1.3736071942463364,3.1117792666271313,3.0929689945780643,0.032306970317762085,0.032306970317762085
57,0.8873672268251175,0.854175377875344,0.8567661085952494,0.8515846471554387,3.036693048037985,-0.11949637240163001,0.7579672362875408,13.307933844451748,13.227451498842122,13.267692671646934,1.3680944857897528,3.04590339777441,3.0274826983015597,0.0336571683590734,0.0336571683590734
58,0.8889275295588953,0.8896498689272105,0.8923469538938787,0.8869527839605423,3.017191459153558,-0.11773956584745206,0.7908342601578603,15.165039357868245,15.073367840433107,15.119203599150676,1.362605730344953,3.026338452830807,3.0080444654763085,0.03506165999896882,0.03506165999896882
59,0.8904878322926731,0.9264938510983809,0.9292987094366785,0.9236889927600833,3.026111860816548,-0.11598584025068777,0.8250315010970879,14.620089731106406,14.531835480513909,14.575962605810156,1.3571398481156516,3.0352730819896516,3.016950639643445,0.03652248415836823,0.03652248415836823
60,0.892048135026451,0.9647547317787328,0.967668592660642,0.9618408708968237,3.0488672211753434,-0.11423518482394196,0.8606076592411626,12.421996807025135,12.347186131457649,12.384591469241393,1.351695814159538,3.0580757532895504,3.039658689061136,0.038041750067210556,0.038041750067210556
61,0.8936084377602288,1.0044811304247778,1.0075050294014591,1.0014572314480965,3.0742440822078922,-0.11248758883637557,0.8976128137185143,9.999066893666239,9.93904502327322,9.96905595846973,1.3462726585394638,3.083498814081577,3.0649893503342076,0.03962163928256368,0.03962163928256368
62,0.8951687404940066,1.0457228559733194,1.0488576338549263,1.0425880780917125,3.0938428422576894,-0.11074304161331089,0.9360984118874318,8.061194137788386,8.013008278684513,8.037101208236448,1.3408694664772247,3.1031172977749213,3.0845683867404574,0.041264407695005945,0.041264407695005945
63,0.8967290432277845,1.0885308762555193,1.0917771809397747,1.0852845715712638,3.1017317410657776,-0.10900153253584047,0.9761172511885137,6.670590875311397,6.630922029353955,6.6507564523326765,1.3354853785070118,3.1109819759465402,3.092481506185015,0.04297238751177779,0.04297238751177779
64,0.8982893459615623,1.132957278544179,1.1363155702267156,1.1295989868616425,3.092956892813712,-0.10726305104043914,1.017723452745842,5.716765076667405,5.6829741736629575,5.6998696251651815,1.3301195906269343,3.1021249802643944,3.0837888053630294,0.04474798920392775,0.04474798920392775
65,0.8998496486953401,1.1790552203144493,1.182525780545813,1.1755846600830857,3.062794060763972,-0.10552758661857971,1.060972425792364,5.081754956749393,5.05192636958694,5.066840663168167,1.3247713544464192,3.071809424150692,3.053778697377252,0.046593703403296605,0.046593703403296605
66,0.901409951429118,1.2268788692378916,1.2304618143228148,1.2232959241529684,3.008039927985869,-0.10379512881635172,1.105920821929139,4.678791869025753,4.651543799828692,4.665167834427223,1.319439977327113,3.0168245294208296,2.999255326550909,0.048512102733438534,0.048512102733438534
67,0.9029702541628959,1.2764833313729103,1.2801786306360563,1.2727880321097642,2.929118101368209,-0.10206566723408358,1.1526264781644968,4.439996322674691,4.414363782423025,4.427180052548858,1.314124822515179,2.93759762295351,2.9206385797829078,0.05050584355711618,0.05050584355711618
68,0.9045305568966737,1.327924566455497,1.3317320659220246,1.3241170669889695,2.830488967432422,-0.10033919152596843,1.2011483476127647,4.316948494215291,4.292263680341153,4.304606087278222,1.3088253092632907,2.8386047034506787,2.822373231414165,0.052577667621032775,0.052577667621032775
69,0.9060908596304516,1.3812592891392041,1.3851787411963759,1.3773398370820324,2.722964735191572,-0.09861569139969206,1.2515464166686878,4.272160613273123,4.247983908554426,4.260072260913774,1.3035409129391937,2.7306914015871357,2.715238068796008,0.05473040357678416,0.05473040357678416
70,0.9076511623642294,1.4365448549752111,1.4405759545892276,1.4325137553611946,2.6176135894295776,-0.0968951566160653,1.3038816074066037,4.274937497883625,4.251012762998575,4.2629751304411,1.2982711651195382,2.6249588951424134,2.610268283716742,0.056966968354957404,0.056966968354957404
71,0.9092114650980072,1.4938391298717297,1.4979815579280873,1.4896967018153722,2.523224596079855,-0.0951775769886589,1.3582156638914076,4.300294559487663,4.276511007895129,4.288402783691397,1.2930156536664275,2.5302215184058827,2.516227673753828,0.05929036836720636,0.05929036836720636
72,0.910771767831785,1.5532003417215803,1.557453816032639,1.5489468674105216,2.444606317233266,-0.09346294238344163,1.4146110210266962,4.328556384085984,4.304913431474293,4.3167349077801385,1.2877740227845633,2.4513009269958923,2.43791170747064,0.06170370050916785,0.06170370050916785
73,0.9123320705655629,1.614686912843034,1.6190512473163807,1.610322578369687,2.382075090366235,-0.09175124271842156,1.4731306545092016,4.346791471575615,4.323356942373044,4.33507420697433,1.2825459730565885,2.388513597021795,2.3756365837106745,0.06421015293465238,0.06421015293465238
74,0.9138923732993407,1.6783572718366173,1.6828324442153377,1.673882099457897,2.3317910361637426,-0.09004246796329037,1.533837910402973,4.345789536525134,4.322675937349599,4.334232736937366,1.2773312614551797,2.3380085245454434,2.3255735477820414,0.06681300556941183,0.06681300556941183
75,0.9154526760331185,1.744269643431732,1.748855871894002,1.739683414969462,2.2864635234054287,-0.08833660813907065,1.5967963128029126,4.317479972356011,4.294835511079674,4.3061577417178425,1.272129701329223,2.292475348542942,2.2804516982679157,0.06951563033032748,0.06951563033032748
76,0.9170129787668964,1.812481814874415,1.8171796436059071,1.807783986142923,2.237432080244317,-0.08663365331776633,1.6620693480188178,4.253815976594793,4.231821784679158,4.2428188806369755,1.2669411623620652,2.243231350959793,2.231632809528841,0.07232149101344199,0.07232149101344199
77,0.9185732815006742,1.8830508773904455,1.8878612710100213,1.8782404837708697,2.176423180243194,-0.08493359362201587,1.7297202236772653,4.1501347947936456,4.128985166646896,4.1395599807202705,1.2617655705006086,2.1819830152457653,2.170863345240622,0.07523414281199292,0.07523414281199292
78,0.920133584234452,1.956032941269525,1.9609573876877135,1.9511084948513364,2.0975985207166232,-0.0832364192247486,1.7998116011309855,4.0116986523257685,3.9915499278472706,4.00162429008652,1.2566029078519971,2.102879368142146,2.0923176732911006,0.07825723142276564,0.07825723142276564
79,0.9216938869682298,2.0314828231205144,2.036523444037155,2.026442202203874,1.999064423913393,-0.08154212034884388,1.87240529955114,3.850945371931828,3.831882339932433,3.8414138559321307,1.2514532125474966,2.0040246066105873,1.9941042412161987,0.08139449169713897,0.08139449169713897
80,0.9232541897020077,2.1094537038912247,2.1146133716916102,2.104294036090839,1.882501769614798,-0.07985068726679316,1.9475619700999915,3.6851717663685366,3.6671880892043163,3.676179927786426,1.2463165785708652,1.8871063190044968,1.8778972202250992,0.08464974579029372,0.08464974579029372
81,0.9248144924357855,2.189996756299058,2.1952792155947134,2.1847142970034024,1.7560534235248326,-0.07816211030036482,2.02534073861273,3.5307936609927024,3.513801495565127,3.5222975782789145,1.241193155549629,1.760289174424502,1.7518176726251635,0.08802690075994857,0.08802690075994857
82,0.9263747951695633,2.2731607403929726,2.278570731890984,2.267750748894961,1.6283463268569365,-0.07647637982027199,2.105798815269033,3.398909861552057,3.3827698548398293,3.3908398581959434,1.2360831485081394,1.6322216972289374,1.6244709564849358,0.09152994556378324,0.09152994556378324
83,0.9279350979033412,2.3589915660772416,2.364534949880639,2.3534481822738442,1.5077326446515542,-0.07479348624584298,2.188991069821041,3.2928214497910693,3.2773821575165583,3.2851018036538138,1.230986817580366,1.511275658896456,1.5041896304066524,0.09516294740232967,0.09516294740232967
84,0.929495400637119,2.4475318215594406,2.4532156964454943,2.441847946673387,1.4009097104636556,-0.07311342004469466,2.2749695710524898,3.207814731452236,3.1929503087130273,3.200382520082632,1.2259044776812498,1.4041630269071002,1.397656394020211,0.09893004735243194,0.09893004735243194
85,0.9310557033708968,2.538820266851525,2.544653081603004,2.532987452100046,1.3124457716910225,-0.07143617173240847,2.3637830892857346,3.133556728358211,3.119191347047961,3.1263740377030858,1.2208364981353705,1.31546105132999,1.309430492052055,0.10283545523453297,0.10283545523453297
86,0.9326160061046747,2.632891291658842,2.638882944203587,2.6268996391140966,1.2452611329405607,-0.0697617318722091,2.455476560934647,3.05655334856811,3.0426733803873884,3.0496133644777492,1.2157833022617075,1.2480949651081452,1.2424273007729765,0.10688344365569069,0.10688344365569069
87,0.9341763088384525,2.7297743372351135,2.735936257252387,2.72361241721784,1.2002997498877348,-0.06809009107464602,2.5500905143202313,2.9620166255280123,2.948674421748259,2.9553455236381354,1.210745366913243,1.2030091866916037,1.1975903130838659,0.11107834116909521,0.11107834116909521
88,0.9357366115722303,2.8294932820671335,2.835838492906926,2.823148071227341,1.1773799179603341,-0.06642123999727745,2.6476604562278885,2.840457846377681,2.827746753018952,2.8341022996983165,1.2057232219709766,1.1800202224506624,1.1747396134700057,0.11542452449036134,0.11542452449036134
89,0.9372969143060081,2.932065791592432,2.9386089478652297,2.9255226353196346,1.1755763119937739,-0.06475516934435721,2.74821621900179,2.6897555513459217,2.6777774411445856,2.6837664962452537,1.200717449790899,1.1781997113533758,1.1729529126341718,0.11992640971051749,0.11992640971051749
90,0.938857217039786,3.0375026325318206,3.0442600305646614,3.03074523449898,1.193203671035377,-0.06309186986652396,2.851781268329849,2.515211025530696,2.504044908401767,2.5096279669662316,1.1957286846037323,1.1958581385749532,1.1905492034958007,0.1245884424462691,0.1245884424462691
91,0.9404175197735639,3.1458069528612214,3.152796512339125,3.138817393383318,1.2276591696448658,-0.061431332360493,2.9583719722961823,2.3280331582894065,2.317710940434425,2.3228720493619157,1.1907576118668242,1.2303868630200177,1.2249314762697139,0.12941508686903003,0.12941508686903003
92,0.9419778225073417,3.25697352894014,3.2642147453720542,3.249732312508226,1.2746005506236833,-0.059773547668751224,3.0679968327550857,2.141300402082366,2.1318000346943395,2.136550218388353,1.185804967567713,1.2774343650128064,1.2717667362345604,0.13441081355611084,0.13441081355611084
93,0.9435381252411196,3.370987981865909,3.378501850905447,3.363474112826371,1.3276612461679007,-0.05811850667925336,3.180655680620105,1.9683927882687144,1.9596372828511528,1.9640150355599337,1.1808715374792123,1.330620578205345,1.3247019141304566,0.13958008611018657,0.13958008611018657
94,0.9450984279748974,3.487825965734725,3.4956348817037823,3.4800170497656677,1.3798175295611155,-0.056466200325121986,3.296338837265917,1.8198041464930639,1.8116736076118523,1.815738877052458,1.175958156365996,1.382906811895392,1.376728247226839,0.14492734649665673,0.14492734649665673
95,0.9466587307086752,3.607452331163593,3.615579963232821,3.599324699094365,1.4243718902839646,-0.054816619584349316,3.4150262449113784,1.7012281564291616,1.6935796150267446,1.6974038857279532,1.1710657071425676,1.4275810167231335,1.4211627638447957,0.1504569990532687,0.1504569990532687
96,0.9482190334424531,3.7298202681558514,3.738291418421777,3.721349117889926,1.4567361156787115,-0.05316975547950169,3.5366865695848126,1.6152070010241233,1.6078867256979015,1.6115468633610124,1.166195119983122,1.4600446478991707,1.4534275834582524,0.1561733931321232,0.1561733931321232
97,0.9497793361762309,3.854870433186548,3.8637108812912078,3.846029985081888,1.4754234044906536,-0.051525599077426355,3.661276281077299,1.562270799422031,1.5551216237450451,1.558696211583538,1.1613473713835107,1.4788070212077058,1.4720397877736013,0.16208080434118788,0.16208080434118788
98,0.9513396389100087,3.982530066227742,3.991766405188937,3.973293727266547,1.4823778312169922,-0.04988414148896081,3.7887387151533534,1.5421804728033222,1.5350437317517258,1.5386121022775239,1.1565234831758642,1.4858157824414635,1.4789398799925209,0.16818341436081496,0.16818341436081496
99,0.9528999416437866,4.112712104325954,4.122371571931032,4.103052636720877,1.4815436137130926,-0.04824537386864435,3.9190031242098966,1.5516163142952186,1.5443448749007231,1.5479805945979708,1.1517245214966259,1.4850232938315033,1.4780639335946817,0.17448528932049,0.17448528932049
100,0.9544602443775644,4.24531429929046,4.255424608836708,4.235203989744211,1.4766052350292909,-0.04660928741443215,4.05198372356034,1.5865491215876815,1.579010272140662,1.5827796968641719,1.1469515957088638,1.4801218029324616,1.47308866712612,0.18099035673233566,0.18099035673233566
101,0.9560205471113422,4.380218348020566,4.390807521460438,4.3696291745806946,1.4701983324988548,-0.044975873367411545,4.187578741541762,1.6408785699734088,1.6329640587194796,1.636921314346444,1.1422058572798994,1.4737525354853054,1.4666441295124042,0.1877023809907321,0.1877023809907321
102,0.95758084984512,4.517289045004187,4.52838525077219,4.506192839236184,1.463521663784198,-0.04334512301152071,4.32566948271116,1.7059906055755873,1.6976299994215427,1.7018103024985651,1.1374884986151919,1.4671166379745786,1.4599266895938172,0.19462493746172616,0.19462493746172616
103,0.9591411525788979,4.656373467530756,4.668004864573821,4.64474207048769,1.4563731462583154,-0.04171702767326957,4.466119414485249,1.7708889003065285,1.7620637544396327,1.7664763273730806,1.1328007518501435,1.4600110963551258,1.452735196161505,0.20176138520220732,0.20176138520220732
104,0.9607014553126757,4.797300205169488,4.809494794033736,4.785105616305241,1.447470386070153,-0.04009157872146305,4.608773288678125,1.8248646181507586,1.815610642544479,1.8202376303476187,1.1281438876010517,1.4511498110584573,1.4437909610818485,0.2091148383663617,0.2091148383663617
105,0.9622617580464535,4.93987864605355,4.9526641273326115,4.927093164774489,1.4349092642361705,-0.038468767566926486,4.753456310487624,1.8609352034341893,1.8513270605868901,1.8561311320105396,1.1235192136767718,1.438623121771861,1.43119540670048,0.21668813637643947,0.21668813637643947
106,0.9638220607802315,5.083898333448182,5.09730197348426,5.070494693412105,1.416469384365451,-0.036848585662233195,4.899973368541212,1.8773719757406628,1.8674986669559186,1.8724353213482907,1.118928073752999,1.4202038897597165,1.4127348789711858,0.22448381295583264,0.22448381295583264
107,0.9653823635140093,5.2291284069610064,5.243176910405717,5.215079903516296,1.3900253589366012,-0.03523102450143484,5.048108340630263,1.8773138333879267,1.8672537303985304,1.8722837818932285,1.1143718460108831,1.3937597816784983,1.3862909361947038,0.2325040641448579,0.2325040641448579
108,0.9669426662477871,5.375317143533177,5.390036532205872,5.360597754860483,1.3539790057757397,-0.03361607561979277,5.19762349069541,1.8662693734506932,1.8560763648832634,1.8611728691669782,1.109851941742032,1.3576866462197381,1.3502713653317415,0.24075071544369298,0.24075071544369298
109,0.968502968981565,5.522191614008104,5.537607111414303,5.506776116601905,1.3072760672087236,-0.03200373059351272,5.348258973451949,1.8499814864482091,1.839681591843164,1.8448315391456864,1.1053698039219306,1.310925399255102,1.3036267351623452,0.24922518825176088,0.24922518825176088
110,0.9700632717153428,5.6694574715809765,5.6855933924508,5.653321550711153,1.25072620727065,-0.030393981039481037,5.499732463732837,1.8321337245570612,1.821734400243212,1.8269340624001367,1.100926905754123,1.254285916327733,1.247166498213567,0.2579284657991394,0.2579284657991394
111,0.9716235744491206,5.8167988887497515,5.833678533005278,5.799919244494225,1.186479998227215,-0.028786818615003186,5.651738928138706,1.813903365048469,1.803406371310232,1.8086548681793504,1.0965247491873504,1.1899230191515084,1.1830369773029212,0.26686105879214317,0.26686105879214317
112,0.9731838771828984,5.963878659488344,5.981524210131865,5.946233108844823,1.1174290232826745,-0.0271822350175443,5.803950556889213,1.7945051549746205,1.7839175420252227,1.7892113484999215,1.0921648634080732,1.1207352022891008,1.114122844276248,0.27602297102256657,0.27602297102256657
113,0.9747441799166763,6.1103384831999925,6.128770907717997,6.091906058681988,1.04681913328788,-0.025580221984471848,5.956016873820085,1.7716995904271253,1.761042732972068,1.7663711616995967,1.0878488033109877,1.0499769640220338,1.0436613025537262,0.285413665217086,0.285413665217086
114,0.9763044826504541,6.255799446566051,6.275038401555757,6.236560491576346,0.9776717297060042,-0.02398077129280034,6.107565042244666,1.7422268890197832,1.731543727402351,1.7368853082110671,1.083578147949968,0.9806784409286357,0.9746650184833728,0.29503202943006634,0.29503202943006634
115,0.9778647853842319,6.399862718631201,6.419926457469689,6.379798979792714,0.9122075842857296,-0.02238387475893809,6.258200383842847,1.7031581434640006,1.6925126258190608,1.6978353846415306,1.0793544989721846,0.9150673791816912,0.9093477893897679,0.30487634430887134,0.30487634430887134
116,0.9794250881180098,6.542110473340578,6.563015756826002,6.521205189855155,0.8522745638813591,-0.020789524238435976,6.40750712682935,1.6519979598308663,1.6414736865555246,1.6467358231931954,1.0751794790381013,0.8549980032726627,0.8495511244900555,0.31494425158487704,0.31494425158487704
117,0.9809853908517876,6.68210705224152,6.703869062238206,6.660345042244834,0.7987022026906884,-0.019197711625738207,6.555049398356633,1.587519279403368,1.5772125117420157,1.5823658955726918,1.0710547302300961,0.8013033830045385,0.7961010223768382,0.325232724165744,0.325232724165744
118,0.9825456935855654,6.819400378150274,6.842032634362808,6.796768121937739,0.7516555186541745,-0.017608428853935074,6.700372474387327,1.510282944118489,1.5002914365150197,1.5052871903167544,1.0669819124525048,0.7541501163223584,0.7491609209859904,0.3357380382238384,0.3357380382238384
119,0.9841059963193433,6.953523628257322,6.977037908342201,6.930009348172444,0.7108994584752042,-0.01602166789451768,6.843004298116266,1.421949924882065,1.4123653048070124,1.4171576148445388,1.0629627018259908,0.7133034610891945,0.7084954558612138,0.3464557476918264,0.3464557476918264
120,0.9856662990531211,7.083997172390227,7.108403435687011,7.059590909093442,0.675976873822635,-0.014437420757134558,6.982457275412649,1.3274026557123537,1.3182875459667474,1.3228451008395505,1.0589987890790766,0.678305794792473,0.6736479528527971,0.3573806615883939,0.3573806615883939
121,0.9872266017868989,7.2103307789717945,7.235637094199022,7.1850244637445675,0.6463996480827302,-0.012855679489350286,7.118230352683809,1.2313403406111778,1.222727225717262,1.2270337831642197,1.0550918779397152,0.6486683364076621,0.6441309597577983,0.3685068246042462,0.3685068246042462
122,0.9887869045206767,7.332026087618317,7.358238564933004,7.3058136103036295,0.6215612324502479,-0.011276436176405953,7.249811379040964,1.13804557667478,1.1299373878471346,1.1339914822609574,1.051243683529815,0.6237833548909747,0.619339110009521,0.37982750138026145,0.37982750138026145
123,0.9903472072544546,7.448579343338299,7.475702071202028,7.421456615474569,0.6008991854028124,-0.009699682940981533,7.376679750688304,1.0507902219690333,1.0431654405208473,1.0469778312449403,1.047455930765638,0.6030872570239859,0.598711113781639,0.39133516490530074,0.39133516490530074
124,0.9919075099882324,7.5594843829589635,7.587519370288596,7.531449395629331,0.5838985346395227,-0.008125411942960138,7.498309331095755,0.9714963059569294,0.964317177891718,0.9679067419243237,1.0437303527669162,0.5860639717501953,0.5817330975288499,0.4030214894499631,0.4030214894499631
125,0.9934678127220102,7.664235859770272,7.693182983877477,7.635288735663068,0.5700978415754099,-0.0065536153791941045,7.6141716357915685,0.9012455398358298,0.8944633102834157,0.8978544250596228,1.0400686892775695,0.5722510494457411,0.5679446337050786,0.41487734843431134,0.41487734843431134
126,0.9950281154557881,7.762332687505733,7.7921896483469775,7.732475726664489,0.5591066522245817,-0.004984285483272933,7.723739265589693,0.8400978726491494,0.8336599468751484,0.836878909762149,1.0364726851008599,0.5612571946057937,0.5569561098433696,0.4268928176013578,0.4268928176013578
127,0.9965884181895659,7.85328167975176,7.8840439610191995,7.82251939848432,0.5506999281773225,-0.0034174145252930336,7.826489566820904,0.7874953980681287,0.7813500353451502,0.7844227167066394,1.0329440885518233,0.5528570883016344,0.5485427680530106,0.43905718383408576,0.43905718383408576
128,0.9981487209233437,7.936601355789932,7.968262193373785,7.90494051820608,0.5445938752353935,-0.0018529948116292817,7.921908491760196,0.7426289908759751,0.7367275144198573,0.7396782526479162,1.0294846499296746,0.5467663792405757,0.5424213712302112,0.45135895991143826,0.45135895991143826
129,0.9997090236571216,8.01182587883113,8.044376237175607,7.979275520486655,0.5407057434723609,-0.00029101868470835006,8.00949462703713,0.7046493522194691,0.6989468370099122,0.7017980946146907,1.0260961200129544,0.5429025168390219,0.5385089701057,0.4637859054480806,0.4637859054480806
130,1.0012693263908994,8.078509087722962,8.111937644580598,8.045080530865325,0.5390635788142667,0.0012685214772161875,8.08876335250713,0.672737859400827,0.66719327640017,0.6699655679004984,1.0227802485800266,0.5412942029676342,0.5368329546608992,0.4763250542043256,0.4763250542043256
131,1.0028296291246772,8.136228578619347,8.170521718682549,8.101935438556145,0.5397913253888647,0.0028256332602870017,8.15925108797044,0.6460211177422733,0.6405981855386015,0.6433096516404374,1.0195387829575753,0.5420664752752758,0.5375161755024535,0.48896274788616534,0.48896274788616534
132,1.004389931858455,8.184589788938728,8.219731606792513,8.149447971084944,0.5431100606749021,0.00438032421526442,8.220519580401577,0.6237664101267982,0.6184328331642924,0.6210996216455453,1.01637346659954,0.5454419887640275,0.5407781325857767,0.5016846764820615,0.5016846764820615
133,1.0059502345922329,8.223230032330342,8.259202345126736,8.187257719533948,0.549377621933252,0.005932601857746118,8.272160180128603,0.6053410624982294,0.6000680307601132,0.6027045466291713,1.0132860376990385,0.5517808605124751,0.5469743833540289,0.5144759251034996,0.5144759251034996
134,1.0075105373260107,8.251822430462438,8.288604800664821,8.215040060260055,0.5588081759401137,0.007482473668385114,8.313798050834038,0.5902379597929633,0.5849993577201844,0.5876186587565739,1.0102782278355036,0.5612990546972315,0.5563172971829958,0.5273210272112312,0.5273210272112312
135,1.0090708400597888,8.27007968536056,8.307649453845658,8.232509916875463,0.5717593782567614,0.009029947093106287,8.345096255468174,0.5781964782340289,0.5729669104852126,0.5755816943596207,1.0073517606594653,0.5743567979053671,0.5691619586081558,0.5402040240202899,0.5402040240202899
136,1.0106311427935664,8.27775763489134,8.316089964628125,8.239425305154557,0.5886262586754972,0.010575029543319915,8.365759658318405,0.5689010070666293,0.5636564026712411,0.5662787048689352,1.0045083506170511,0.5913520470875875,0.5859004702634069,0.5531085297850984,0.5531085297850984
137,1.0121914455273444,8.274658533898982,8.313726464347676,8.235590603450289,0.6098242116125241,0.012117728396137069,8.375538582672387,0.5622997491331218,0.5570150221013491,0.5596573856172354,1.00174970171636,0.6127034325238891,0.606944990701159,0.566017802573505,0.566017802573505
138,1.013751748261122,8.26063400455204,8.300408516843632,8.220859492260448,0.6357903644685516,0.01365805099457765,8.374232163859904,0.5584696891368066,0.5531174562991148,0.5557935727179607,0.9990775063376814,0.6388516611744092,0.6327290677626941,0.5789148200466894,0.5789148200466894
139,1.0153120509949,8.235587601701477,8.276037694569332,8.195137508833621,0.6668948050188332,0.015196004647783628,8.361691339031697,0.5575872010581421,0.5521366569941561,0.5548619290261492,0.996493444089469,0.6701703401841114,0.663619269853555,0.5917823596728962,0.5917823596728962
140,1.016872353728678,8.199476942522772,8.240569718864124,8.158384166181419,0.7032426868165055,0.016731596631223828,8.337821417887154,0.560025999569811,0.5544407005114258,0.5572333500406184,0.9939991807118879,0.7067670816828628,0.6997182919501481,0.6046030827181994,0.6046030827181994
141,1.0184326564624557,8.152315354408143,8.194016118255478,8.11061459056081,0.7448494820111854,0.018264834186902876,8.302584182709552,0.5660282968303877,0.5602670652202995,0.5631476810253436,0.9915963670296185,0.7486595397678891,0.7410394242544817,0.6173596212800572,0.6173596212800572
142,1.0199929591962333,8.094173000965553,8.136445364547713,8.051900637383392,0.7914899883899634,0.01979572452356479,8.255999471501111,0.5759059178957011,0.5699217557070182,0.5729138368013597,0.9892866379554629,0.7956235981555156,0.7873563786244112,0.6300346675596717,0.6300346675596717
143,1.0215532619300114,8.025177452975324,8.067983453446471,7.982371452504178,0.8426606396607564,0.021324274816897658,8.198146204654122,0.5900459053377077,0.5837847360014978,0.5869153206696027,0.987071611546359,0.8471553604254621,0.838165918896051,0.6426110645107217,0.6426110645107217
144,1.0231135646637892,7.945513679173202,7.988813904486539,7.902213453859865,0.8975053427143604,0.022850492209733262,8.129162823383794,0.6088448104486055,0.6022448025404291,0.6055448064945174,0.9849528881130772,0.9023964278132788,0.8926142576154421,0.6550718969550848,0.6550718969550848
145,1.024673867397567,7.855423440598356,7.899177163902089,7.811669717294623,0.9548577416955032,0.024374383812249538,8.04924711692342,0.6327236826479175,0.6257143406965031,0.6292190116722103,0.9829320493849327,0.9601761795544546,0.9495393038365518,0.6674005822233227,0.6674005822233227
146,1.0262341701313449,7.75520408180641,7.799369403643305,7.711038759969514,1.0135201668949507,0.025895956702168214,7.958655425091819,0.6619165026359535,0.6544200618712904,0.658168282253622,0.9810106577307103,1.0192920903526599,1.0077482434372418,0.6795809593594218,0.6795809593594218
147,1.0277944728651227,7.6452067222883535,7.6897407197892935,7.6006727247874135,1.0720993928719422,0.027415217924952277,7.857701213079251,0.6963943491439953,0.6883282191314096,0.6923612841377025,0.9791902554368177,1.0783444655582997,1.065854320185585,0.6915973759271177,0.6915973759271177
148,1.0293547755989005,7.525833861727548,7.570692743905099,7.480974979549998,1.1291615401377741,0.02893217449400172,7.746753025933168,0.7359696772986938,0.727247945178005,0.7316088112383493,0.9774723640437405,1.135892079958226,1.1224310003173226,0.7034347714690901,0.7034347714690901
149,1.0309150783326784,7.397536423022093,7.442675691193867,7.352397154850318,1.1833495725660876,0.03044683339084778,7.626231841008662,0.7801570472702988,0.7706938596657384,0.7754254534680186,0.9758584837415684,1.1905702918221335,1.176128853310042,0.7150787567010921,0.7150787567010921
150,1.0324753810664562,7.2608102670413235,7.306184879346283,7.215435654736364,1.2333718339085376,0.03195920156534575,7.496607847314728,0.8281294463029694,0.8178433522101302,0.8229863992565498,0.974350092825491,1.2410794817788435,1.2256641860382316,0.7265156875700907,0.7265156875700907
151,1.034035683800234,7.11619222262191,7.161756761536998,7.070627683706822,1.2785912288072088,0.03346928593586629,7.358396690972754,0.8785916436137535,0.8674120896386982,0.8730018666262258,0.9729486472118946,1.2867779694093353,1.270404488205082,0.7377327333681434,0.7377327333681434
152,1.0355959865340119,6.964255684081531,7.00996452580235,6.918546842360711,1.3192154169454395,0.034977093389485334,7.212155235631513,0.9302878608874255,0.9181558792114596,0.9242218700494426,0.9716555800156389,1.327873888349161,1.310556945541718,0.748717938171362,0.748717938171362
153,1.0371562892677897,6.805605836312074,6.851413320830367,6.759798351793781,1.3561692105965308,0.03648263078217255,7.058476895408643,0.9817364900496611,0.968609014895807,0.975172752472734,0.9704723011891101,1.3652973766426928,1.3470410445503687,0.7594602749637298,0.7594602749637298
154,1.0387165920015675,6.640874574097774,6.686735174791422,6.595013973404126,1.3913475885183701,0.03798590493897838,6.897986605516701,1.0314156443548173,1.0172678308767955,1.0243417376158064,0.9694001972234573,1.4009559669738207,1.3817392100629196,0.7699496919078541,0.7699496919078541
155,1.0402768947353453,6.47071518751312,6.516583679061365,6.424846695964875,1.42755303858443,0.03948692265421969,6.731335501982986,1.0778945910256736,1.0627205669132473,1.0703075789694605,0.9684406309123614,1.4376724307362188,1.417433646432641,0.7801771503360433,0.7801771503360433
156,1.0418371974691232,6.29579688894842,6.3416285123964595,6.24996526550038,1.4683718370271759,0.040985690691664,6.559195386616846,1.1197018470632396,1.1035174384910997,1.1116096427771698,0.9675949411785477,1.4790611693394158,1.457682504714936,0.7901346541536585,0.7901346541536585
157,1.043397500202901,6.116799259394146,6.162549883216472,6.071048635571819,1.5177090479059838,0.04248221578471239,6.3822530564948075,1.1564657836718426,1.1392946347043484,1.1478802091880955,0.9668644429635279,1.5290607586255809,1.5063573371863868,0.7998152704694572,0.7998152704694572
158,1.0449578029366788,5.934406692062691,5.980032968114818,5.8887804160105635,1.5792010708586126,0.04397650463658096,6.201204578670553,1.188403977492483,1.1702694794963586,1.1793367284944207,0.9662504271802804,1.591342649240354,1.567059492476871,0.8092131413927008,0.8092131413927008
159,1.0465181056704567,5.749302910197017,5.7947624234976844,5.703843396896349,1.6558876205330555,0.04546856392048103,6.016749590505025,1.2166494469761213,1.1975603842415432,1.2071049156088323,0.9657541607294265,1.6689806591997995,1.6427945818663114,0.818323487060411,0.818323487060411
160,1.0480784084042345,5.562165633115036,5.607417044466942,5.51691422176313,1.7495550349760625,0.0469584002797979,5.829585704035939,1.2433866861141856,1.2233186219924508,1.2333526540533182,0.9653768865786405,1.763788669821302,1.7353214001308228,0.8271426000789814,0.8271426000789814
161,1.0496387111380123,5.373661460224621,5.418664640759027,5.328658279690216,1.8598645867224257,0.04844602032826837,5.640403089202181,1.2717825391959219,1.2506576816871458,1.261220110441534,0.9651198239053282,1.8754405254720765,1.8442886479727751,0.8356678316788413,0.8356678316788413
162,1.0511990138717902,5.184441037066744,5.229157193884498,5.13972488024899,1.9826887069875587,0.04993143065015689,5.449879305641002,1.3057429367416575,1.2834113051772829,1.2945771209594703,0.9649841683025829,1.999789532034767,1.9655878819403505,0.8438975699873223,0.8438975699873223
163,1.052759316605568,4.995134560599624,5.03952635277785,4.950742768421398,2.1097423007598413,0.0514146378004304,5.258674446369714,1.3491737605938134,1.3254047644620313,1.3372892625279222,0.9649710920482789,2.128491593822669,2.090993007697013,0.8518312109210919,0.8518312109210919
164,1.0543196193393458,4.806347673101222,4.850379317438464,4.762316028763979,2.228488710657652,0.0528956483049319,5.067426649116631,1.405628854650599,1.3801083146072168,1.392868584628908,0.9650817444371464,2.2489042171900633,2.2080732041252404,0.8594691222839081,0.8594691222839081
165,1.0558799220731236,4.618657785495962,4.662295151477949,4.575020419513976,2.3232976415129722,0.054374468660552726,4.876748022631903,1.4777357350787668,1.4500736103092307,1.4639046726939986,0.965317252175678,2.345248302110984,2.30134698091496,0.8668126017263731,0.8668126017263731
166,1.0574402248069015,4.432610861832714,4.475821555414229,4.389400168251199,2.3792348230911915,0.05585110533540355,4.687221026217898,1.5663511305692197,1.5361072444329582,1.5512291875010888,0.9656787198396047,2.402428464514647,2.3560411816677354,0.8738638292812491,0.8738638292812491
167,1.0590005275406793,4.24871868730375,4.291472123217461,4.205965251390039,2.3869239413480887,0.05732556476898414,4.499395331226614,1.6690041770936264,1.6357495450809685,1.6523768610872975,0.9661672303938289,2.410942759083016,2.3629051236131615,0.8806258152299273,0.8806258152299273
168,1.0605608302744571,4.067456632850071,4.109724095268654,4.025189170431488,2.3447209143624668,0.058797853372351834,4.313785183640819,1.7793684015013744,1.7427677026243578,1.761068052062866,0.9667838457744935,2.3690863623747394,2.320355466350194,0.8871023440824812,0.8871023440824812
169,1.062121133008235,3.8892619202696253,3.9310166117619896,3.847507228777261,2.263031754172951,0.06026797752828881,4.130867277322558,1.8863757143223525,1.8463020927789864,1.8663389035506694,0.967529607532952,2.2873274160928774,2.238736092253024,0.8932979154661074,0.8932979154661074
170,1.0636814357420128,3.71453238304462,3.7557494618788394,3.673315304210401,2.1560293216417934,0.061735943591468084,3.951079138307102,1.9750561120134242,1.9317060194169178,1.9533810657151711,0.9684055375413436,2.1799529872220513,2.1321056560615355,0.8992176827149594,0.8992176827149594
171,1.0652417384757906,3.5436257100331545,3.5842823159845034,3.5029691040818056,2.038279786545354,0.06320175788861838,3.7748180118632253,2.029919357492487,1.9838685031484877,2.0068939303204876,0.9694126387596496,2.0616653088553267,2.014894264235381,0.9048673899384023,0.9048673899384023
172,1.0668020412095685,3.3768591518678797,3.416934420792244,3.3367838829435152,1.9218316649734697,0.06466542671868769,3.602440236089866,2.0384245566392263,1.9906095258371983,2.0145170412382125,0.9705518960636839,1.9446392258865652,1.8990241040603741,0.9102533083179933,0.9102533083179933
173,1.0683623439433463,3.214509663507183,3.253984731033428,3.175034595980938,1.815025165662586,0.06612695635300567,3.4342610787330714,2.0012383441382138,1.9526830955425163,1.976960719840365,0.9718242771341167,1.8373141765776106,1.792736154747561,0.9153821723446063,0.9153821723446063
174,1.0699226466771243,3.0568144509903554,3.09567244577078,3.017956456209931,1.7232407818016477,0.06758635303544513,3.270555007804482,1.9267975200318648,1.878425808044946,1.9026116640384054,0.9732307334059218,1.745146488666835,1.7013350749364606,0.920261116659618,0.920261116659618
175,1.071482949410902,2.903971886085305,2.942197913119857,2.865745859050753,1.648303235172645,0.06904362298258099,3.1115563615090225,1.8289391010138156,1.7814147144263965,1.805176907720106,0.9747722010783019,1.6700004438580178,1.6266060264872721,0.9248976141089389,0.9248976141089389
176,1.07304325214468,2.7561427492472674,2.793723863864264,2.718561634630271,1.590556981343418,0.07049877238385147,2.957460379027267,1.7221420846170306,1.6758096464645889,1.6989758655408096,0.9764496021845768,1.6122448653389243,1.5688690973479114,0.9292994155574261,0.9292994155574261
177,1.0746035548784576,2.613451759077627,2.650376932210021,2.576526585945233,1.549279722737756,0.07195180740171273,2.8084245508081764,1.6182692854324459,1.573177681432104,1.5957234834322749,0.9782638457221782,1.5711693259393045,1.5273901195362072,0.9334744919457751,0.9334744919457751
178,1.0761638576122357,2.4759893452783324,2.5122494207213295,2.4397292698353352,1.5229474918536727,0.0734027341717987,2.664570245221524,1.5253763060234877,1.4813438469219617,1.5033600764727248,0.980215828842171,1.5452505728647623,1.5006444108425832,0.9374309790042812,0.9374309790042812
179,1.0777241603460133,2.3438136218529344,2.3794012662244404,2.3082259774814284,1.5091777421172445,0.07485155880307336,2.525984567619002,1.4474970903874074,1.4041979525641886,1.425847521475798,0.9823064380983677,1.532092567886284,1.4862629163482053,0.9411771249687533,0.9411771249687533
180,1.0792844630797913,2.2169525179370524,2.2518621640880236,2.182042871786081,1.5042575678258419,0.07629828737798819,2.392722407995083,1.3861706154615465,1.3431922072247051,1.3646814113431258,0.9845365507560406,1.5279446332852258,1.4805705023664582,0.944721241575639,0.944721241575639
181,1.080844765813569,2.095406025049371,2.1296338096865393,2.061178240412203,1.5023515439795678,0.07774292595263223,2.264808634428829,1.3413913723106965,1.2982732974597306,1.3198323348852137,0.9869070361595887,1.5268919740832936,1.4778111138758423,0.9480716585466111,0.9480716585466111
182,1.082405068547347,1.9791485216142775,2.0126922179042808,1.9456048253242744,1.4962310057599004,0.07918548055688744,2.1422403912032824,1.3123418622267868,1.268598664470471,1.290470263348629,0.9894187571597141,1.5215899507247583,1.4708720607950427,0.9512366817095843,0.9512366817095843
183,1.0839653712811248,1.8681311382297636,1.900990084150389,1.8352721923091382,1.4778740095584957,0.0806259571945766,2.024989462853056,1.2971995318910237,1.2523548905411788,1.2747772112161013,0.9920725715998746,1.5038686419286822,1.4518793771883094,0.9542245548428081,0.9542245548428081
184,1.0855256740149026,1.762284130190558,1.794459153382748,1.730109106998368,1.4407302376556756,0.08206436184361551,1.913004668230872,1.2925267499673576,1.2461762068766111,1.2693514784219844,0.9948693338613716,1.4670344686341663,1.4144260066771852,0.9570434252736499,0.9570434252736499
185,1.0870859767486805,1.66151922712422,1.693012566981655,1.6300258872667852,1.3824263042460587,0.08350070045616084,1.8062142519050455,1.2936569424395017,1.24552785167934,1.269592397059421,0.9978098964687122,1.4086295649226344,1.3562230435694829,0.9597013132141003,0.9597013132141003
186,1.0886462794824583,1.56573193316229,1.5965471608665434,1.5349167054580368,1.3066317738234379,0.08493497895875807,1.7045282437040041,1.2939581168566083,1.244008306430637,1.2689832116436228,1.0008951117527318,1.3323476417719573,1.2809159058749184,0.9622060847694791,0.9622060847694791
187,1.0902065822162361,1.4748037546963566,1.5049456918780384,1.4446618175146748,1.2228105764141972,0.08636720325248826,1.6078407608471872,1.2852952393546448,1.2338099418138457,1.2595525905842453,1.0041258335749712,1.247802294439055,1.1978188583893394,0.964565428519718,0.964565428519718
188,1.091766884950014,1.3886043364461784,1.4180789731123664,1.3591296997799904,1.141013751262183,0.08779737921311369,1.5160322308299254,1.2592364672569356,1.2068902466966633,1.2330633569767995,1.0075029191100413,1.165233008589038,1.1167944939353278,0.9667868355380029,0.9667868355380029
189,1.0933271876837918,1.3069934901189555,1.3358079024493654,1.2781790777885456,1.0694882296562984,0.08922551269122252,1.4289715168727812,1.212950119062468,1.1606215697212046,1.1867858443918362,1.0110272306887875,1.093066522176357,1.0459099371362401,0.9688775826859868,0.9688775826859868
190,1.0948874904175696,1.2298231033847777,1.2579853719535863,1.2016608348159692,1.0133723880975656,0.09065160951237237,1.3465179313225066,1.1493742609711994,1.0979126345561334,1.1236434477636663,1.0146996377008877,1.0365780550550918,0.9901667211400393,0.9708447190022154,0.9708447190022154
191,1.0964477931513474,1.1569389201140545,1.1844580490501353,1.1294197911779738,0.9751022239603189,0.09207567547723294,1.268523125769958,1.0768475973587668,1.0268096784979186,1.0518286379283426,1.0185210185584406,0.9982961569852168,0.951908290935421,0.9726950549849893,0.9726950549849893
192,1.0980080958851253,1.088182185812478,1.1150680233608572,1.061296348264099,0.9548730993373993,0.09349771636172752,1.1948328498200727,1.005587594059498,0.9570953691402299,0.9813414815998639,1.0224922627192077,0.9784652545507605,0.9312809441240382,0.9744351545586223,0.9744351545586223
193,1.099568398618903,1.0233911548902483,1.0496543157923366,0.9971279939881601,0.9508427816206307,0.09491773791717358,1.1252885733434201,0.9445407030935244,0.8972744286816646,0.9209075658875945,1.02661427277273,0.9752441425733447,0.9264414206679167,0.976071329506488,0.976071329506488
194,1.101128701352681,0.9624024588336049,0.9880542488916889,0.9367506687755208,0.9607008894257756,0.09633574587042233,1.0597289696740744,0.8990990969492507,0.8524144107546907,0.8757567538519707,1.0308879665852073,0.9863073260032879,0.9350944528482633,0.9776096361497437,0.9776096361497437
195,1.1026890040864588,0.905052336433549,0.9301046795815059,0.8799999932855921,0.9816735935962638,0.09775174592399737,0.9979912595080327,0.8712358940220591,0.824302465862815,0.8477691799424371,1.0353142795099792,1.0088468550045198,0.9545003321880079,0.9790558740534028,0.9790558740534028
196,1.1042493068202366,0.8511777290612841,0.8756430972117563,0.8267123609108119,1.011012965654398,0.0991657437562321,0.9399124172967461,0.8608661032047816,0.8127611019543142,0.836813602579548,1.039894166656036,1.0400724717541572,0.9819534595546389,0.9804155865427564,0.9804155865427564
197,1.1058096095540144,0.8006172454554985,0.824508591354928,0.776725899556069,1.0465965976234612,0.10057774502140661,0.8853302435993553,0.8665426632965212,0.8163239737097732,0.8414333185031472,1.0446286052248026,1.0778282522910574,1.015364942955865,0.9816940628224234,0.9816940628224234
198,1.1073699122877922,0.7532120017416872,0.7765426950147037,0.7298813084686707,1.0878453274865227,0.10198775534988305,0.8340843083028046,0.8859887761146522,0.8327509245153275,0.8593698503149898,1.0495185969060186,1.1215412664856153,1.0541493884874302,0.9828963414953918,0.9828963414953918
199,1.10893021502157,0.7088063433288951,0.731590109858844,0.6860225767989463,1.1363089991701572,0.10339578034824061,0.7860167707163646,0.9161655981833575,0.8591016690501221,0.8876336336167397,1.0545651703413048,1.1728343480001122,1.0997836503402023,0.9840272152927927,0.9840272152927927
