,m,spdy,spdy_up,spdy_dn,epk,ret,spd_ret,cb_ret_up,cb_ret_dn,epk_ret,volatility,epk_up,epk_dn,cdf_m,cdf_ret
0,0.2212609221292237,0.4730608247002833,0.8403004105707655,0.1058212388298011,6.173503341128162,-1.5084126307567236,0.10466987429639574,4214.689309618334,530.7669000466009,2372.728104832467,0.8783504081164702,10.966026188063001,1.3809804941933232,0.042684110567714706,0.042684110567714706
1,0.2533137385201284,0.5374287376530859,1.049810034865626,0.025047440440545632,6.156834788036605,-1.3731264853082383,0.13613808272305647,4441.875137194356,105.97879544698466,2273.9269663206705,0.8695441764276337,12.026723713577907,0.28694586249530224,0.0588131347219627,0.0588131347219627
2,0.28536655491103313,0.5925012857025314,1.26293055467162,-0.07792798326655725,6.012651161570926,-1.2539807675230732,0.16908005068128915,4461.465614805465,-275.29068521529337,2093.087464795086,0.8611731323301017,12.816108673124672,-0.7908063499828173,0.07686377262746724,0.07686377262746724
3,0.31741937130193787,0.6392937496860605,1.4750245106000774,-0.19643701122795654,5.794059762743884,-1.1475314415551243,0.20292422010260774,4322.847115162406,-575.696987538488,1873.5750638119591,0.8532243742581515,13.368471332819677,-1.7803518073319102,0.09656233250731994,0.09656233250731994
4,0.34947218769284255,0.6787699322696962,1.6820180046398479,-0.3244781401004554,5.53591528574572,-1.0513312978914822,0.2372112131704133,4082.1846538964646,-787.4943552263364,1647.345149335064,0.84568524064365,13.718211046339482,-2.6463804748480424,0.11766545811770357,0.11766545811770357
5,0.38152500408374723,0.7117612178400855,1.8804526456722823,-0.4569302099921112,5.260602698738963,-0.9635788889014513,0.2715547015430915,3778.6376193366523,-918.1691891370755,1430.2342150997883,0.8385433085518446,13.898360875426317,-3.377155477948389,0.139956803546478,0.139956803546478
6,0.4135778204746519,0.7389549426203712,2.0674966939033057,-0.5895868086625635,4.982118138272571,-0.8829095827706641,0.3056153745979046,3443.161211779477,-981.8842451115084,1230.6384833339844,0.831786392402563,13.939297493549605,-3.975061217004465,0.1632425479757691,0.1632425479757691
7,0.4456306368655567,0.7609105353025495,2.2409240007362587,-0.7191029301311597,4.708729897209978,-0.8082648385459061,0.3390850464445868,3092.74672296654,-992.4491994856056,1050.148761740467,0.8254025427658087,13.867472390097241,-4.450012595677284,0.18734715060520302,0.18734715060520302
8,0.47768345325646133,0.7780843785115029,2.3990718768741717,-0.8429031198511657,4.444672327208911,-0.7388069975439795,0.3716780328522823,2746.415810638223,-964.9408496304687,890.7374805038771,0.819380045220251,13.704282821519383,-4.81493816710156,0.21210984592551263,0.21210984592551263
9,0.5097362696473661,0.7908550026486953,2.5407871785948313,-0.9590771732974406,4.191220095644854,-0.6738618053540638,0.40312747888210376,2420.5579156405174,-913.6939382774854,753.431988681516,0.8137074192631756,13.465171549801557,-5.0827313585118485,0.23738197767150648,0.23738197767150648
10,0.5417890860382708,0.7995452347726738,2.6653672699880353,-1.066276800442688,3.9475406494263763,-0.6128784934279594,0.4331848819937416,2120.8198557384553,-848.4312970881023,636.1942793251766,0.8083734172603478,13.159537680091214,-5.264456381238462,0.2630251015855275,0.2630251015855275
11,0.5738419024291754,0.8044402426902637,2.7725002418654365,-1.1636197564849091,3.7114835010576184,-0.5554013519087965,0.4616215192559685,1849.7323053843277,-776.3335859279781,536.6993597281748,0.8033670234242422,12.791613793398762,-5.368646791283524,0.28890972715227003,0.28890972715227003
12,0.6058947188200802,0.8058014499931001,2.862207083569178,-1.2506041835829775,3.480266164938564,-0.5010490393258562,0.48823084296838226,1605.5586504967282,-701.5279840601784,452.0153332182748,0.7986774528093132,12.361906856929323,-5.4013745270521945,0.314914557349388,0.314914557349388
13,0.6379475352109849,0.8038767270140419,2.934787352248361,-1.3270338982202776,3.2512837686839102,-0.4494992322303055,0.5128311766120818,1388.3881781011041,-627.7927342221072,380.2977219394985,0.7942941503129624,11.869763313520147,-5.367195776152329,0.34092609521508677,0.34092609521508677
14,0.6700003516018896,0.7989074094019677,2.99076913601609,-1.3929543172121548,3.022813509239146,-0.4004770418183232,0.5352682451966732,1198.711611561516,-558.3013728171529,320.2051193721816,0.7902067896709992,11.316126551050935,-5.270499532572644,0.3668385036241594,0.3668385036241594
15,0.7020531679927944,0.7911327149272539,3.030863640645774,-1.4485982107912658,2.794525552450563,-0.353746139942821,0.5554172288174188,1033.9705453631245,-494.18517611196785,269.8926846255783,0.786405272436801,10.705948230894196,-5.116897125993069,0.39255362414818606,0.39255362414818606
16,0.7341059843836991,0.7807920933866247,3.0559244490381556,-1.4943402622649065,2.567656550305919,-0.30910186789794886,0.5731841483145973,891.4932350818463,-435.93821016710683,227.77751245736968,0.7828797269334802,10.049492682205535,-4.914179581593699,0.4179810796631951,0.4179810796631951
17,0.7661588007746039,0.7681259879562031,3.0669113408815427,-1.5306593649691367,2.3447786939040007,-0.26636581901145706,0.5885064857763324,767.9839967846166,-383.2917766990006,192.34611004280802,0.7796205071688347,9.36204279108653,-4.672485403278531,0.4430384024202557,0.4430384024202557
18,0.7982116171655085,0.7533754242154626,3.064858470841251,-1.558107622410326,2.129235257215636,-0.2253815322695707,0.6013530156957754,661.2786976679865,-336.1797581117185,162.54946977813404,0.7766181917031636,8.662088654254848,-4.403618139823577,0.4676511442725645,0.4676511442725645
19,0.8302644335564132,0.7367807817785932,3.0508466575172957,-1.5772850939601095,1.9244366595030336,-0.18601103428570998,0.6117228784386549,569.9308769802582,-294.6537724646287,137.63855225781475,0.773863582460536,7.968667608397117,-4.1197942893910495,0.4917529386188676,0.4917529386188676
20,0.862317249947318,0.7185800455726707,3.025979513603485,-1.5888194224581436,1.7330764272668353,-0.14813203664628516,0.6196439687652439,491.79063560104834,-258.2193666921067,116.78563445447082,0.7713477034745103,7.29807875508033,-3.8319259005466595,0.5152854944625147,0.5152854944625147
21,0.8943700663382226,0.6990067802191275,2.9913631390074205,-1.5933495785691656,1.557316408365089,-0.11163564501007753,0.6251707403954485,424.96831278035853,-226.3593721685403,99.30447030590912,0.7690617995599781,6.6644545254545156,-3.549821708724338,0.5381985119299463,0.5381985119299463
22,0.9264228827291273,0.6782880220308769,2.9480890968205875,-1.5915130527588337,1.3981127845595287,-0.07642447176776479,0.6283815446904828,367.61379640376583,-198.45470612872288,84.57954513752148,0.7669973349032275,6.07671213763198,-3.2804865685129228,0.560449515791028,0.560449515791028
23,0.958475699120032,0.6566422389725806,2.8972203936297793,-1.5839359156846182,1.2554474939610698,-0.0424110698485752,0.6293756290709873,318.3788531834999,-174.06052417021138,72.15916450664426,0.7651459915630651,5.53925389924131,-3.0283589113191702,0.5820036091346786,0.5820036091346786
24,0.9905285155109367,0.6342774696404507,2.839780189272788,-1.5712252499918862,1.1286427459395292,-0.009516624251428511,0.6282699204249889,276.3184456529722,-152.8845508847782,61.71694738409697,0.7634996678764314,5.0531470280701765,-2.795861536191118,0.6028331535404542,0.6028331535404542
25,1.0225813319018413,0.6113897179617857,2.7767429662204948,-1.5539635302969237,1.016623093585038,0.022330147973796316,0.6251957121044539,240.34574529457316,-134.50597602779422,52.91988463338947,0.7620504767626731,4.617187599785603,-2.5839414126155273,0.6229173850190789,0.6229173850190789
26,1.0546341482927462,0.5881616509002666,2.7090278953335547,-1.5327045935330217,0.918137926299396,0.053193927916898434,0.6202953617556581,209.5381889774671,-118.55180425405354,45.49319236170679,0.760790743921308,4.228873559338072,-2.3925977067392803,0.642241976843899,0.642241976843899
27,1.0866869646836508,0.5647616219030145,2.637494142914986,-1.5079708991089567,0.8319210774434436,0.08313358569278716,0.6137190926756024,183.05337058705427,-104.65962799219868,39.196871297427805,0.7597130059189426,3.8851559384136243,-2.2213137835267367,0.6607985613323619,0.6607985613323619
28,1.1187397810745556,0.5413430229622938,2.5629378739213013,-1.4802518279967138,0.7567876648065665,0.11220285633017663,0.6056219749950746,160.24507839450155,-92.55123685773013,33.846920768385715,0.758810008161647,3.5829403656769894,-2.0693650360638567,0.6785842228292022,0.6785842228292022
29,1.15079259746546,0.5180439527075997,2.486090717927609,-1.4500028125124094,0.691680471699411,0.1404509201628014,0.5961611459376527,140.64651940289994,-82.03153940990839,29.30748999649578,0.758074702749981,3.319371631453598,-1.936010688054776,0.6956009737502924,0.6956009737502924
30,1.1828454138563649,0.4949871765214443,2.4076194778940763,-1.4176451248511879,0.6356873678611437,0.16792290347077918,0.5854933116661013,123.77115747140613,-72.87845093361847,25.446353268893823,0.7575002462145884,3.0919857348009514,-1.8206109990786645,0.7118552247155496,0.7118552247155496
31,1.2148982302472697,0.47228034684091164,2.3281268767425374,-1.3835661830607142,0.5881157185291792,0.19466031217099558,0.5737725575575903,109.2092794342502,-64.90121625719547,22.15403158852736,0.757079997131045,2.899142469300657,-1.7229110322422985,0.7273572586633807,0.7273572586633807
32,1.2469510466381744,0.4500164470772579,2.2481531529115313,-1.3481202587570154,0.548221718317571,0.2207014090212919,0.5611484796873794,96.59791290745287,-57.925592469325686,19.33616021906359,0.7568075136134818,2.7387585332378617,-1.6423150966027196,0.742120717513565,0.742120717513565
33,1.2790038630290792,0.42827442044856173,2.1681783330735245,-1.311629492176401,0.5154425776168422,0.24608154294326182,0.5477646381902506,85.64805754416639,-51.81239776679415,16.917829888686125,0.7566765506872388,2.6094750827329243,-1.5785899274992394,0.7561621085276804,0.7561621085276804
34,1.3110566794199838,0.40711994496982473,2.0886250276507097,-1.2743851377110604,0.4893146816600159,0.2708334375769768,0.533757323177785,76.14457239869348,-46.45999645585346,14.842287971420015,0.7566810575415855,2.510304157630494,-1.5316747943104625,0.769500336085396,0.769500336085396
35,1.3431094958108887,0.38660631740162316,2.009861612290268,-1.236648977487022,0.46947235808936016,0.2949874449778041,0.5192546160425985,67.87533890622234,-41.763058681098116,13.056140112562112,0.7568151746642519,2.440659730800441,-1.501715014621721,0.7821562632129948,0.7821562632129948
36,1.375162312201793,0.36677541168297184,1.9322056756754415,-1.198654852309498,0.4556520083482116,0.3185717693894115,0.5043757231887201,60.66147608266465,-37.63169395997377,11.514891061345446,0.7570732308602974,2.400415536645427,-1.4891115199490037,0.7941523059125888,0.7941523059125888
37,1.407215128592698,0.3476586808796953,1.855927630647946,-1.1606102688885553,0.4477002453671982,0.3416126652309896,0.48923055532048815,54.34667117585126,-33.98586432197339,10.180403426938936,0.757449740158455,2.389985642016443,-1.4945851512820465,0.8055120621776819,0.8055120621776819
38,1.4392679449836026,0.32927817563650186,1.7812544013274088,-1.1226980500544048,0.4455847495966905,0.36413461278412196,0.47391952317629776,48.80277976230675,-30.759663322401178,9.021558219952784,0.7579393986088572,2.4104233292997246,-1.5192538301063434,0.8162599765614071,0.8162599765614071
39,1.4713207613745074,0.3116475562595215,1.7083731135430975,-1.0850780010240544,0.4494068294300069,0.3861604745271934,0.45853351975626383,43.931743948248275,-27.903371065119064,8.014186441564602,0.7585370809765084,2.463534621145986,-1.564720962285972,0.8264210402961367,0.8264210402961367
40,1.503373577765412,0.29477307966332345,1.63743472928394,-1.047888569957293,0.45941475639065615,0.4077116346203668,0.4431540594023794,39.640275120896696,-25.368089772540234,7.136092674178232,0.7592378373356593,2.552002639178519,-1.6331731263972067,0.8360205262471934,0.8360205262471934
41,1.5354263941563169,0.278654546334037,1.5685575779529737,-1.0112484852848995,0.47603093346204056,0.42880812367443055,0.4278535452929348,35.84929687354158,-23.112028319169863,6.368634277185862,0.7600368895705875,2.6795971493923765,-1.7275352824682952,0.845083757412901,0.845083757412901
42,1.5674792105472213,0.2632861960761619,1.5018307479391133,-0.9752583557867895,0.4997994860745619,0.44946873062819664,0.4126956387734431,32.49001570025897,-21.098355680094357,5.69583001008231,0.7609296277889287,2.850944132953368,-1.8513451608042442,0.8536359072476674,0.8536359072476674
43,1.5995320269381261,0.24865754455436256,1.4373173114024802,-0.940002222293755,0.53139599046099,0.46971110330052174,0.39773570625449695,29.50476677681653,-19.296049743813466,5.104358516501531,0.7619116066540483,3.071632745623233,-2.008840764701253,0.8617018297707871,0.8617018297707871
44,1.6315848433290308,0.2347541554755586,1.3750573632536487,-0.9055490523025316,0.5716716723458011,0.48955183896545346,0.3830213219824282,26.84851152429504,-17.681185393626492,4.583663065334275,0.7629785416434028,3.3485300433988003,-2.2051866987071986,0.8693059172161196,0.8693059172161196
45,1.6636376597199356,0.22155834567005547,1.315070862163029,-0.871954170822918,0.6215321631696129,0.5090065661153292,0.36859280768195163,24.479233854910802,-16.23088965961208,4.12417209764936,0.7641263052401812,3.689135858139713,-2.446071531800487,0.8764719828614236,0.8764719828614236
46,1.6956904761108402,0.20904982233275618,1.2573602671541186,-0.8392606224886063,0.6817592658474594,0.5280900184210047,0.3544837927623179,22.361037411594985,-14.925505972939991,3.717765719327497,0.7653509230657575,4.100539302426565,-2.7370207707316463,0.8832231666354167,0.8832231666354167
47,1.727743292501745,0.19720625330010716,1.201912968016014,-0.8075004614157999,0.752653607434627,0.546816101766085,0.34072178137866027,20.462629088256453,-13.747736209072414,3.3574464395920187,0.7666485699608286,4.58719800240341,-3.0818907875341566,0.8895818611213564,0.8895818611213564
48,1.7597961088926497,0.18600377249891997,1.1487035115276818,-0.776695966529842,0.8333892747075899,0.5651979551191675,0.327328715082953,18.75730139910983,-12.682750765075976,3.037275317016928,0.7680155660231766,5.146762205221806,-3.479983655806626,0.8955696556446835,0.8955696556446835
49,1.7918489252835543,0.17541742364811508,1.0976956284264512,-0.746860781130221,0.920990902881906,0.5832480059115629,0.31432152203988495,17.223720082201478,-11.718841454257625,2.752439313971926,0.7694483726102261,5.763211355457971,-3.921229549694159,0.9012072962372499,0.9012072962372499
50,1.823901741674459,0.16542154596518846,1.0488440682903226,-0.7180009763599456,1.0090284474883136,0.6009780205050952,0.3017126457963888,15.842066846966786,-10.84490994187818,2.4985784525443018,0.7709435883146295,6.397676286419326,-4.3796193914426995,0.9065146594016267,0.9065146594016267
51,1.8559545580653638,0.15599010606700764,1.0020962511376603,-0.6901160390036449,1.0866406431925442,0.6183991502632864,0.28951054836816237,14.59515040244189,-10.05127738274713,2.27193650984738,0.7724979449211269,6.980689624054137,-4.807408337669048,0.9115107377470221,0.9115107377470221
52,1.8880073744562684,0.14709698049890355,0.95739374567775,-0.663199784679943,1.1385782375121047,0.6355219736776873,0.2777201839421798,13.467835865829457,-9.329354705570942,2.0692405801292564,0.7741083033529013,7.410537455369522,-5.133380980345313,0.916213635726276,0.916213635726276
53,1.9200601908471733,0.13871619341355182,0.9146735848576583,-0.6372411980305547,1.1508793310554288,0.6523565349478775,0.26634344079921773,12.446925505983508,-8.671611220153832,1.8876571429148377,0.7757716496156513,7.5887241249240605,-5.286965462813203,0.9206405738652206,0.9206405738652206
54,1.952113007238078,0.13082211388502854,0.8738694297279078,-0.6122252019578508,1.1167672960388038,0.6689123793674566,0.2553795501493454,11.521363118523029,-8.07176521126704,1.724798953627994,0.7774850907474424,7.459815249475887,-5.22628065739828,0.9248079000367648,0.9248079000367648
55,1.9841658236289827,0.12338961721258895,0.8349125927538696,-0.5881333583286916,1.0406618258881513,0.6851985858281858,0.24482546146388146,10.680879370488496,-7.523879156438712,1.5785001070248923,0.7792458507822425,7.041610816696868,-4.960287164920564,0.9287311064887076,0.9287311064887076
56,2.016218640019887,0.11639421436833364,0.7977329316001197,-0.5649445028634524,0.9367813277096141,0.7012237967194038,0.23467618459990486,9.916357749959962,-7.022640757766148,1.4468584960969075,0.7810512667349097,6.420433514480207,-4.546870859060979,0.9324248514840143,0.9324248514840143
57,2.048271456410792,0.10981215349413789,0.7622596241520326,-0.5426353171637569,0.8223459612240701,0.7169962454692559,0.22492509956904327,9.219634959190657,-6.563248769446372,1.328193094872142,0.7828987846151376,5.708303711201369,-4.063611788753229,0.9359029845530267,0.9359029845530267
58,2.0803242728016964,0.1036204970734895,0.7284218351647896,-0.5211808410178106,0.71125039274211,0.7325237819474554,0.21556423522175736,8.583382632484632,-6.141351567480098,1.2210155325022674,0.7847859554775772,4.999882561607925,-3.577381776123705,0.9391785744878818,0.9391785744878818
59,2.1123770891926013,0.09779717810735472,0.6961492844691977,-0.5005549282544881,0.6116248040520259,0.7478138959257956,0.20658451842166436,8.001164959432169,-5.753108767862424,1.1240280957848723,0.7867104315151662,4.3537265383776,-3.1304769302735473,0.9422639393293992,0.9422639393293992
60,2.144429905583506,0.09232103832114977,0.6653727261537873,-0.4807306495114877,0.5265914952891521,0.7628737387719255,0.19797599549039444,7.467067716787016,-5.394943574239036,1.0360620712739903,0.78866996220226,3.7952304822558967,-2.7420474916775923,0.9451706777058286,0.9451706777058286
61,2.1764827219744105,0.08717185113085865,0.6360243475960703,-0.46168064533435293,0.45611585596734905,0.777710143533684,0.18972802782883932,6.97577996921293,-5.063615268926816,0.9560823501430565,0.7906623904938492,3.3279181978637746,-2.415686485929076,0.9479097009810465,0.9479097009810465
62,2.2085355383653154,0.08233033180679472,0.608038096656938,-0.44337743304334853,0.39861956628289114,0.7923296435551836,0.18182946368071443,6.52249393133355,-4.756160234392593,0.8831668484704784,0.7926856490869091,2.9439439518068355,-2.1467048192410534,0.9504912657575698,0.9504912657575698
63,2.24058835475622,0.07777813699813771,0.5813499447868568,-0.4257936707905813,0.35204271019289457,0.8067384897515896,0.17426878801266127,6.102765946958781,-4.469801946027614,0.8164820004655843,0.794737756749294,2.6313308345011523,-1.9272454141153632,0.9529250063573982,0.9529250063573982
64,2.2726411711471246,0.07349785552307733,0.5558980932361188,-0.4089023821899642,0.31422317615592865,0.8209426666569218,0.16703425245276862,5.712927222390381,-4.2022622112522505,0.7553325055690657,0.7968168147215001,2.3766144363332056,-1.7481680840213487,0.9552199669721301,0.9552199669721301
65,2.3046939875380295,0.0694729920903458,0.5316231290131789,-0.3926771448324873,0.2832408843909525,0.834947907347996,0.16011398716689704,5.349630021417551,-3.9514410266907816,0.6990944973633842,0.7989210031959355,2.1674236374987363,-1.6009418687168313,0.9573846332333581,0.9573846332333581
66,2.3367468039289343,0.06568794539873964,0.508468136707932,-0.3770922459104527,0.25746587209422483,0.8487597073376429,0.1534960964671632,5.009959428808817,-3.715506865703458,0.6472262815526797,0.8010485778781471,1.9929561117334795,-1.4780243675450297,0.9594269630061852,0.9594269630061852
67,2.368799620319839,0.062127981862414194,0.48637877178257555,-0.36212280805774716,0.23555914438808082,0.8623833375214758,0.1471687398469246,4.691331584223906,-3.4928295916018866,0.5992509963110099,0.8031978666338491,1.8441121680622554,-1.3729938792860936,0.9613544162530923,0.9613544162530923
68,2.4008524367107436,0.05877920603063193,0.4653033004447204,-0.3477448883834566,0.21646157200917626,0.8758238562545283,0.1411202000265655,4.391309857796605,-3.281849827622429,0.5547300150870882,0.8053672662253515,1.713535970915179,-1.2806128268968264,0.9631739838535347,0.9631739838535347
69,2.4329052531016484,0.0556285286107565,0.44519261074671845,-0.33393555352520543,0.19938452976497872,0.8890861206270181,0.13533893947942482,4.108474263262817,-3.0817349482632714,0.5133696574997724,0.8075552391404557,1.5956654178232912,-1.1968963582933336,0.9648922152968464,0.9648922152968464
70,2.4649580694925532,0.05266363286137893,0.4260001991070767,-0.32067293338431885,0.18379982885955246,0.9021747970021272,0.12981364679044918,3.8414258738407274,-2.891644900460008,0.4748904866903597,0.8097603105164505,1.4867710303258752,-1.1191713726067702,0.9665152451931905,0.9665152451931905
71,2.4970108858834577,0.049872939997411325,0.40768213602379016,-0.3079362560289675,0.16941813931229732,0.9150943708730181,0.12453327408454858,3.589059599743274,-2.7109394259680655,0.4390600868876043,0.8119810651616038,1.3848942717152521,-1.0460579930906575,0.9680488185699493,0.9680488185699493
72,2.5290637022743625,0.04724557413946992,0.3901970143445356,-0.2957058660655958,0.15614714310000438,0.9278491560911838,0.11948706664924567,3.350446902589664,-2.539093756781699,0.4056765729039826,0.8142161446758485,1.2896054317424421,-0.9773111455424335,0.9694983149396748,0.9694983149396748
73,2.561116518665267,0.04477132724449809,0.37350588307273047,-0.28396322858373424,0.14403201866168897,0.9404433035136409,0.11466458576845236,3.1246269381353597,-2.37554264520072,0.3745421464673199,0.8164642446723349,1.2015906079173289,-0.9135265705939508,0.9708687711409772,0.9708687711409772
74,2.5931693350561718,0.042440624372037467,0.3575721693268169,-0.272690920582742,0.1331963429106084,0.9528808091123414,0.11005572568220516,2.911539360436723,-2.2203919002004775,0.34557373011812287,0.8187241121007922,1.122210287564117,-0.8558176017429003,0.9721649029661357,0.9721649029661357
75,2.6252221514470766,0.0402444895695208,0.3423615907254148,-0.26187261158637315,0.1237683491935433,0.9651655215854408,0.10565072549158683,2.7108187831222366,-2.073507115005108,0.3186558340585644,0.820994542673508,1.0529026300150102,-0.8053659316279235,0.9733911255989792,0.9733911255989792
76,2.657274967837981,0.03817451259916538,0.3278420601490816,-0.25149303495075087,0.11585198865846037,0.9773011495066999,0.10144017673917778,2.522157234305123,-1.9347882855236633,0.29368447439072964,0.8232743783943147,0.994934893680557,-0.7632309163636363,0.9745515728942814,0.9745515728942814
77,2.689327784228886,0.03622281667736263,0.31398358452688757,-0.24153795117216229,0.10951865318884678,0.9892912680462507,0.09741502731346077,2.3452273040941103,-1.8041115076683156,0.27055789821289755,0.825562505190567,0.949320413348233,-0.7302831069705393,0.9756501155357171,0.9756501155357171
78,2.7213806006197907,0.03438202735375251,0.3007581590146068,-0.23199410430710177,0.10481661502129223,1.0011393252931948,0.09356658225048108,2.179542688367621,-1.6812214020846619,0.24916064314147965,0.8278578506478925,0.9168875309066382,-0.7072543008640537,0.9766903781137206,0.9766903781137206
79,2.7534334170106955,0.03264524262049466,0.28813965767159144,-0.2228491724306021,0.10179106055307123,1.0128486482080161,0.0898865019376918,2.025094178707778,-1.5662216213688254,0.2294362786694764,0.8301593818471145,0.8984476446616083,-0.6948655235554658,0.9776757551675698,0.9776757551675698
80,2.7854862334016,0.031006004311652402,0.2761037215062565,-0.2140917128829517,0.10050890922036232,1.0244224482305124,0.08636679816289841,1.8815158041106277,-1.4589334005382493,0.2112912017861893,0.8324661033024654,0.895016449115549,-0.6939986306748244,0.9786094262379594,0.9786094262379594
81,2.817539049792505,0.029458270827333988,0.26462764454702004,-0.20571110289235206,0.10108603122683768,1.0358638265668956,0.08299982839537687,1.7483945060214354,-1.3591329913405628,0.19463075734043622,0.8347770550000189,0.9080695366322523,-0.705897474178577,0.9794943699773337,0.9794943699773337
82,2.8495918661834096,0.027996391196493248,0.25369025841049614,-0.19769747601750964,0.10371772080806822,1.0471757791778395,0.07977828863601598,1.6252605131319444,-1.2665441051236446,0.17935820400414987,0.8370913105348381,0.9398416820537324,-0.732406240437596,0.9803333773656174,0.9803333773656174
83,2.8816446825743145,0.02661508047549132,0.24327181568156903,-0.19004165473058637,0.10871596573661829,1.0583612014875454,0.07669520512848702,1.5115453839560493,-1.1808050396737781,0.16537017214113559,0.8394079753454331,0.9937046931974062,-0.7762727617241696,0.9811290640786711,0.9811290640786711
84,2.913697498965219,0.025309396466069244,0.2333538722995754,-0.1827350793674369,0.11656805800334431,1.0694228928323417,0.0737439251835051,1.4068721904130113,-1.1016954586676864,0.15258836587266245,0.8417261850435253,1.0747631915280729,-0.8416270755213842,0.9818838820561204,0.9818838820561204
85,2.9457503153561233,0.024074717725746514,0.22391916906150947,-0.17576973361001644,0.12796931833454667,1.0803635606659192,0.07091810733272745,1.3106975718828051,-1.028857707978773,0.14091993195201605,0.8440451038372159,1.1902437965532136,-0.9343051598841201,0.9826001303141196,0.9826001303141196
86,2.977803131747028,0.02290672283546713,0.21495151231532844,-0.16913806664439418,0.14395351367777276,1.0911858245370032,0.06821171099751519,1.2224748429207137,-0.9619240601094118,0.13027539140565092,0.8463639230453742,1.3508272523484943,-1.0629202249929488,0.9832799650472405,0.9832799650472405
87,3.009855948137933,0.021801370883119786,0.20643565392908228,-0.1628329121628427,0.1660656130678587,1.101892219854081,0.06561898583011923,1.141662281410837,-0.9005236762660414,0.12056930257239783,0.8486818597009127,1.5724636589408645,-1.240332432805147,0.9839254090621323,0.9839254090621323
88,3.041908764528838,0.020754883117054826,0.19835717069080372,-0.15684740445669404,0.19660469299511163,1.1124852014507258,0.06313446086054068,1.067727782347631,-0.8442867517432895,0.11172051530217078,0.8509981552404254,1.8789771268332893,-1.4857677408430658,0.9845383605839036,0.9845383605839036
89,3.0739615809197423,0.01976372572062507,0.19070234342290254,-0.1511748919816524,0.23902930896554406,1.1229671469640483,0.06075293356103681,1.000203800691917,-0.7928885341168784,0.10365763328751923,0.8533120742778016,2.306419852756618,-1.82836123482553,0.9851206014743565,0.9851206014743565
90,3.106014397310647,0.018824593656855862,0.18345803628681756,-0.1458088489731058,0.29861655722230246,1.1333403600379182,0.05846945892171699,0.9386100387885671,-0.7459888493322826,0.09631059472814223,0.8556229034588768,2.9102145942354336,-2.312981479790828,0.9856738048993576,0.9856738048993576
91,3.138067213701552,0.01793439553133014,0.1766115770054721,-0.1407427859428118,0.3835528767842572,1.143607073361742,0.05627933861442273,0.8824977438407317,-0.7032675499666826,0.08961509693702449,0.857929950394558,3.777092922675668,-3.0099871691071534,0.9861995424807598,0.9861995424807598
92,3.170120030092457,0.01709023942117261,0.1701506390343523,-0.13597016019200708,0.5067735434779779,1.15376945155483,0.054178110308135005,0.8314523650860683,-0.6644271917777005,0.083512586654184,0.8602325426695192,5.045443784810635,-4.0318966978546795,0.9866992909663844,0.9866992909663844
93,3.202172846483361,0.016289419618395105,0.16406312705281986,-0.13148428781602964,0.6891263063620016,1.1638295939056704,0.05216153718699816,0.7851232842715098,-0.6292174099972292,0.07795293713714031,0.8625300269235892,6.940714856926784,-5.56246224420278,0.987174438449742,0.987174438449742
94,3.234225662874266,0.015529404236741921,0.15833706750000667,-0.12727825902652282,0.9649255125861435,1.1737895369747826,0.05022559771161907,0.7431448449680556,-0.597372324532064,0.07288626021799571,0.8648217680028982,9.83833466433641,-7.908483639164121,0.9876262901693371,0.9876262901693371
95,3.266278479265171,0.014807823632420523,0.15296050621262877,-0.12334485894778771,1.3880161598824003,1.1836512570692217,0.048366475655329366,0.7051992433664024,-0.5686611750761456,0.06826903414512846,0.8671071481778722,14.33780275327442,-11.561770433509619,0.9880560739156448,0.9880560739156448
96,3.2983312956560753,0.014122459590644607,0.14792141549492227,-0.11967649631363304,2.054626245925446,1.1934166725962565,0.04658055043946139,0.6709997791930297,-0.5428754337724667,0.06406217271028146,0.8693855664250542,21.520558841722128,-17.411306349871232,0.9884649450721401,0.9884649450721401
97,3.33038411204698,0.013471235231658156,0.14320761311820393,-0.1162651426548876,3.1319529348502315,1.2030876463032294,0.044864387785161844,0.6402898250494777,-0.5198284241243851,0.06023070046254633,0.8716564377698585,33.29460858529212,-27.03070271559165,0.9888539913151164,0.9888539913151164
98,3.3624369284378846,0.012852205591805159,0.13880669576571378,-0.11310228458210345,4.917765204940847,1.2126659874101433,0.04321473069376154,0.6129012275249994,-0.49940335135746156,0.05674893808376894,0.8739191926872256,53.112964445938324,-43.277434036056626,0.9892242369954687,0.9892242369954687
99,3.3944897448287894,0.01226354883719865,0.1347059892695092,-0.11017889159511188,7.956426098434449,1.2221534536410785,0.04162849076307784,0.5885797526284194,-0.4814118890451075,0.05358393179165598,0.876173276557267,87.39544016723457,-71.48258797036567,0.9895766472241267,0.9895766472241267
100,3.4265425612196942,0.011703558069577336,0.13089251760687876,-0.10748540146772409,13.267775476016281,1.2315517531601474,0.040102739843112946,0.5671444497740216,-0.4657237097176025,0.050710370028209495,0.87841814917306,148.38671494379938,-121.85116399176682,0.9899121316814001,0.9899121316814001
101,3.4585953776105987,0.011170633686015705,0.12735299203329226,-0.10501172466126084,22.811214523815966,1.2408625464173209,0.03863470203143516,0.548437021129954,-0.45222586872466414,0.04810557620264491,0.8806532842975897,260.0637083962446,-214.44127934861265,0.9902315481691631,0.9902315481691631
102,3.4906481940015035,0.010663276256200716,0.12407382095054953,-0.1027472684381481,40.45029199273991,1.2500874479091104,0.03722174600584614,0.532320741368801,-0.4408222595998964,0.04574924088445233,0.8828781692670561,470.66419039703715,-389.7636064115573,0.9905357059235298,0.9905357059235298
103,3.5227010103924083,0.010180079883003727,0.12104114019538953,-0.10068098042938206,74.00958063073382,1.2592280278587829,0.03586137768973266,0.5187658411573182,-0.43150496943997985,0.04363043585866914,0.8850923046378695,879.9738438087222,-731.9546825472545,0.9908253687044991,0.9908253687044991
104,3.554753826783313,0.009719726014083382,0.11824086245788454,-0.09880141042971777,139.77864391171846,1.2682858138204747,0.03455123324384822,0.5076009214778039,-0.42414852137343506,0.04172620005218436,0.8872952038744367,1700.4128907921436,-1420.8556029687065,0.9911012576778988,0.9911012576778988
105,3.5868066431742176,0.009280977674152067,0.1156587435920612,-0.09709678824375707,272.2155835625772,1.2772622922113084,0.03328907237680023,0.49874750633339043,-0.4187040210324324,0.040021742650479024,0.8894863930751749,3392.3271325942387,-2847.8959654690843,0.9913640541039321,0.9913640541039321
106,3.6188594595651224,0.008862674089404957,0.11328046275274323,-0.09555511457393331,542.0642469595413,1.2861589097753536,0.03207277196548584,0.49214814606245205,-0.4151401869446163,0.03850397955891785,0.8916654107341653,6928.52835587198,-5844.399861952898,0.9916144018456325,0.9916144018456325
107,3.6509122759560273,0.008463725677391485,0.11109171266428028,-0.09416426130949732,1112.8774384692626,1.294977074983037,0.030900319975912815,0.4877656372490499,-0.4134429996818393,0.037161318783605325,0.8938318075358596,14607.21499460161,-12381.460117663086,0.9918529097096114,0.9918529097096114
108,3.682965092346932,0.00808310937730607,0.1090782959557882,-0.09291207720117607,2356.1779206036185,1.3037181593693912,0.029769809674240404,0.48568192252072695,-0.4137002314259825,0.03599084554737221,0.8959851461804869,31795.669284107902,-27083.313442900668,0.9920801536306183,0.9920801536306183
109,3.7150179087378365,0.0077198642973019364,0.10722622341028071,-0.09178649481567683,5145.80092672643,1.3123834988143175,0.02867943411750253,0.48581119747555596,-0.41585822516446624,0.034976486155544884,0.8981250012376433,71473.38068971464,-61181.77883626177,0.9922966787106416,0.9922966787106416
110,3.7470707251287414,0.007373087656955064,0.1055218101649308,-0.09077563485102068,11596.330447177077,1.3209743947678558,0.02762748091318438,0.4881743585072273,-0.41995429420913,0.034110032149048605,0.9002509590259579,165963.81827937957,-142771.15738502544,0.9925030011225153,0.9925030011225153
111,3.7791235415196462,0.007041931004485552,0.10395176632873868,-0.08986790431976757,26975.71932242484,1.3294921154232677,0.02661232723680844,0.4928204075988194,-0.4260508387790176,0.03338478440990087,0.9023626175164171,398210.8983698011,-344259.4597249514,0.9926996098872977,0.9926996098872977
112,3.811176357910551,0.0067255966896840776,0.10250327909463769,-0.08905208571526954,64804.12419369067,1.3379378968405833,0.02563243509656542,0.49982393989030394,-0.4342335653141419,0.032795187288081,0.9044595862573876,987664.8177399801,-858056.5693525987,0.9928869685340542,0.9928869685340542
113,3.8432291743014555,0.006423334574811916,0.10116408414181047,-0.08831741499218665,160857.24422166432,1.3463129440230952,0.024686346834216392,0.5093814538050881,-0.44469589802211607,0.03234277789148604,0.9065414863192517,2533415.5647242926,-2211701.0762809645,0.9930655166500536,0.9930655166500536
114,3.8752819906923603,0.0061344389669511015,0.09992252488071104,-0.08765364694680883,412827.8293256007,1.3546184319491488,0.02377268085162705,0.5215294420480749,-0.45749401989413446,0.032017711076970254,0.9086079502566228,6724461.563555089,-5898805.904903887,0.9932356713288228,0.9932356713288228
115,3.907334807083265,0.005858245756416403,0.09876759882323648,-0.08705110731040368,1096319.200278615,1.3628555065614358,0.022890127552493644,0.5364197988978396,-0.47278599493799894,0.03181690197992033,0.9106586220863752,18483487.968515523,-16290849.567958293,0.9933978285230034,0.9933978285230034
116,3.939387623474169,0.005594129746911565,0.09768899101304807,-0.08650073151922494,2983068.915833059,1.3710252857158753,0.022037445489092106,0.5542466421522569,-0.49076911831181397,0.0317387619202215,0.9126931572796174,52092640.981558114,-46126503.149892,0.993552364308452,0.993552364308452
117,3.971440439865074,0.005341502164126769,0.09667709499404395,-0.08599409066579042,8272372.45322386,1.379128860092047,0.021213457704239862,0.5752424154234311,-0.5116770257709788,0.03178269482622607,0.914711222765977,149723600.76113135,-133178855.85468364,0.9936996360655597,0.9936996360655597
118,4.003493256255979,0.00509980833038713,0.09572302221249078,-0.08552340555171652,23669222.553641684,1.3871672940670319,0.020417048258902937,0.599743114105988,-0.5358384262113568,0.0319523439473156,0.9167124969485146,444269542.98547935,-396931097.878196,0.9938399835833917,0.9938399835833917
119,4.035546072646883,0.004868525493851314,0.09481860103799893,-0.08508155005029629,69899655.1180417,1.3951416265544083,0.0196471589362929,0.6279858159521505,-0.5634970991545929,0.032244358398778886,0.9186966697278133,1361354175.85917,-1221554865.6230865,0.9939737300918087,0.9939737300918087
120,4.0675988890377885,0.004647160801568337,0.09395636676056078,-0.0846620451574241,213148523.4151985,1.4030528718100634,0.018902786113639325,0.6603241097502314,-0.595003739775051,0.03266018498759017,0.9206634425336918,4309440042.124584,-3883142995.294187,0.9941011832264115,0.9941011832264115
121,4.099651705428693,0.0044352494064599565,0.0931295439916475,-0.08425904517872759,671463901.300876,1.4109020202063747,0.01818297779319516,0.6971732965479671,-0.6307682156857345,0.033202540431116326,0.9226125283632989,14099123003.978865,-12756195201.377115,0.994222635930786,0.994222635930786
122,4.131704521819598,0.004232352698998385,0.09233202288702483,-0.08386731748902806,2186602524.9701176,1.418690038976248,0.01748683078438701,0.7390069016764205,-0.6712571057315042,0.0338748979724581,0.9245436518241782,47702412520.61687,-43329207470.676636,0.9943383673002354,0.9943383673002354
123,4.163757338210503,0.004038056655018482,0.09155833053786566,-0.0834822172278287,7366709401.903663,1.426417872928403,0.01681348802944296,0.7863320875809203,-0.7169718556794109,0.03468011595075476,0.926456549181172,167031736307.52615,-152298317503.71884,0.9944486433708887,0.9944486433708887
124,4.195810154601408,0.0038519702916876147,0.09080359876573012,-0.08309965818235489,25708593066.08102,1.4340864451352329,0.01616213606508584,0.8397048109436788,-0.7684627450011791,0.03562103297124986,0.928350968406053,606036026456.761,-554618840324.5989,0.9945537178578148,0.9945537178578148
125,4.227862970992312,0.003673724224269464,0.09006352941966986,-0.08271608097113092,93095420212.68593,1.44169665759449,0.015532002613426323,0.8997728238449004,-0.8263687003201472,0.036702061762376684,0.9302266692287032,2282289471205.221,-2096098630779.8494,0.9946538328455076,0.9946538328455076
126,4.259915787383217,0.0035029693167957458,0.08933435812835819,-0.08232841949476669,351252078836.4765,1.449249391865983,0.014922354295337198,0.9672443512607458,-0.8913893867141354,0.03792748227330515,0.9320834231890255,8957794421337.137,-8255290263664.184,0.9947492194338997,0.9947492194338997
127,4.291968603774122,0.0033393754202792093,0.0886128173120965,-0.08193406647153809,1357955693181.8162,1.4567455096844093,0.01433249446005338,1.0428804637881037,-0.9642785302823067,0.03930096675289853,0.933921013688565,36034367093646.664,-33318455707283.03,0.9948400983428369,0.9948400983428369
128,4.324021420165026,0.0031826301925600656,0.08789609911892218,-0.08153083873380204,5657573131417.7,1.4641858535493881,0.013761761125093667,1.1272437722367972,-1.0456110240293448,0.04081637410372627,0.9357392360410363,156247687806806.34,-144932541543970.94,0.9949266804777384,0.9949266804777384
129,4.356074236555931,0.00303243799427377,0.08718181882064796,-0.08111694283210041,29068313166240.43,1.4715712472937064,0.01320952502080931,1.2211844283355227,-1.1362317143730312,0.04247635698124576,0.9375378975209484,835706588779878.5,-777569962447397.5,0.9950091674590138,0.9950091674590138
130,4.388127052946836,0.0028885188558457134,0.08646797908903886,-0.08069094137734745,1585055595440946.8,1.4789024966307336,0.012675187734283618,1.325470327132227,-1.2369139372843057,0.04427819492396074,0.9393168174096909,4.7448730966107464e+16,-4.427861977522558e+16,0.9950877521175989,0.9950877521175989
131,4.4201798693377405,0.0027506075107634077,0.08575293547265349,-0.08025172045112668,inf,1.4861803896819146,0.012158179947525606,1.440730788884686,-1.3483051498776562,0.04621281950351503,0.941075827038402,inf,-inf,0.9951626189588477,0.9951626189588477
132,4.452232685728645,0.0026184524907234084,0.08503536330980084,-0.07979845832835401,inf,1.493405697485209,0.01165795976522634,1.5673929409712895,-1.4708650074037843,0.04826396678375259,0.9428147698269913,inf,-inf,0.9952339445968509,0.9952339445968509
133,4.48428550211955,0.0024918152785625243,0.0843142262420422,-0.07933059568491714,inf,1.5005791744852903,0.011174011127617916,1.7048781879117618,-1.6041065457803136,0.05038582106572411,0.944533501318869,inf,-inf,0.9953018981611172,0.9953018981611172
134,4.516338318510455,0.002370469515153262,0.08358874643542259,-0.07884780740511606,inf,1.5077015590062892,0.010705842304147577,1.853004014968641,-1.7479063860112976,0.05254881447867184,0.9462318892108773,inf,-inf,0.9953666416774453,0.9953666416774453
135,4.54839113490136,0.0022542002567446052,0.08285837656906454,-0.07834997605557532,inf,1.5147735737078205,0.010252984464069533,2.0107193867138333,-1.9013142946651456,0.05470254602434399,0.9479098133780458,inf,-inf,0.9954283304246565,0.9954283304246565
136,4.580443951292264,0.002142803279442056,0.08212277361504791,-0.07783716705616381,226021335348595.28,1.5217959260249974,0.009814990320129592,2.175913876507118,-2.062363026112835,0.05677542519714138,0.9495671658927544,8662250582254367.0,-8210207911557177.0,0.9954871132688027,0.9954871132688027
137,4.612496767683169,0.0020360844277775283,0.08138177440448816,-0.0773096055489331,inf,1.5287693085931033,0.009391432841853883,2.345330187032835,-2.227974911683843,0.058677637674495804,0.9512038510380693,inf,-inf,0.9955431329763061,0.9955431329763061
138,4.644549584074074,0.0019338590045114594,0.08063537295368725,-0.07676765494466434,inf,1.5356943996575603,0.008981904035061602,2.5130280207156397,-2.3924893119967803,0.06026935435942969,0.9528197853149948,inf,-inf,0.9955965265074385,0.9955965265074385
139,4.676602400464978,0.0018359511990271964,0.07988369950792787,-0.07621179710987347,inf,1.5425718634697962,0.008586013784507142,2.6738587016459276,-2.5509531747473155,0.061452763449306134,0.9544148974433683,inf,-inf,0.9956474252914277,0.9956474252914277
140,4.708655216855883,0.001742193551850505,0.07912700124938778,-0.07564261414568678,inf,1.5494023506695966,0.00820338875669356,2.8213579011349235,-2.697118350407408,0.062119775363757616,0.9559891283562775,inf,-inf,0.9956959554844108,0.9956959554844108
141,4.740708033246787,0.0016524264529737655,0.07836562460844763,-0.0750607717025001,inf,1.5561864986544824,0.007833671359962225,2.948282885846003,-2.8239472308757603,0.06216782748512156,0.9575424311880029,inf,-inf,0.9957422382113789,0.9957422382113789
142,4.772760849637692,0.0015664976718775892,0.07759999911098121,-0.07446700376722602,inf,1.5629249319366438,0.007476518759385949,3.04774347511633,-2.924694941277514,0.06152426691940817,0.9590747712551415,inf,-inf,0.9957863897931806,0.9957863897931806
143,4.804813666028597,0.0014842619172235434,0.07683062269327244,-0.07386209885882535,inf,1.5696182624879298,0.007131601943841487,3.112365744768184,-2.9921124971569286,0.060126623805627596,0.9605861260312004,inf,-inf,0.9958285219595753,0.9958285219595753
144,4.836866482419501,0.0014055804243708258,0.07605804841313311,-0.07324688756439147,inf,1.576267090073366,0.0067986048429842265,3.140086651657198,-3.0240267626518063,0.05802994450269613,0.9620764851144523,inf,-inf,0.9958687420492884,0.9958687420492884
145,4.868919298810407,0.0013303205689820614,0.07528287248607698,-0.07262223134811285,inf,1.5828720025736607,0.0064772234919212,3.130968929986514,-3.02031448148164,0.0553272242524372,0.9635458501891305,inf,-inf,0.9959071531979434,0.9959071531979434
146,4.900972115201311,0.0012583555050749064,0.07450572357643197,-0.07198901256628217,inf,1.5894335762971277,0.006167165241382179,3.0872592399201,-2.982975448724877,0.05214189559761167,0.9649942349801862,inf,-inf,0.9959438545146934,0.9959438545146934
147,4.9330249315922154,0.0011895638260389033,0.07372725327240003,-0.07134812562032221,inf,1.5959523762814436,0.005868148011570136,3.013495226936394,-2.916251812790477,0.04862170707295816,0.9664216652015184,inf,-inf,0.9959789412483278,0.9959789412483278
148,4.965077747983121,0.0011238292471600136,0.07294812767770939,-0.07070046918338938,inf,1.6024289565856336,0.005579899587606806,2.914649708675787,-2.8248442896166996,0.044902709529543845,0.9678281784980872,inf,-inf,0.9960125049435851,0.9960125049435851
149,4.997130564374025,0.0010610403083742958,0.07216902005108945,-0.07004693943434086,inf,1.6088638605726595,0.005302156955010034,2.7985328797794797,-2.7162439367494993,0.04114447151499046,0.9692138243817574,inf,-inf,0.9960446335883414,0.9960446335883414
150,5.0291833807649295,0.00100109009597012,0.0713906044287571,-0.06938842423681686,inf,1.6152576211829779,0.005034665673301296,2.672061383190769,-2.5971222729831807,0.03746955510379434,0.9705786641615384,inf,-inf,0.9960754117523285,0.9960754117523285
151,5.061236197155835,0.0009438759821074399,0.07061355016456612,-0.06872579820035125,inf,1.6216107611994057,0.004777179286268188,2.540917148487322,-2.4729893736227866,0.03396388743226762,0.9719227708679711,inf,-inf,0.9961049207179655,0.9961049207179655
152,5.093289013546739,0.000889299381054975,0.06983851732458568,-0.06805991856247573,inf,1.6279237935036246,0.0045294587672812196,2.4097287127446037,-2.3483594186974694,0.03068464702356696,0.9732462291724379,inf,-inf,0.9961332386038765,0.9961332386038765
153,5.125341829937644,0.0008372655211410117,0.0690661528736407,-0.06739162183135868,inf,1.6341972213246425,0.004291271998268568,2.2817466409326737,-2.226424961327109,0.027660839802782302,0.9745491353012253,inf,-inf,0.9961604404816161,0.9961604404816161
154,5.157394646328549,0.0007876832314354545,0.06829708759342672,-0.06672172113055581,inf,1.6404315384795063,0.004062393280807985,2.1598578365042185,-2.1100377384576783,0.024910049023270108,0.9758315969451473,inf,-inf,0.9961865984860986,0.9961865984860986
155,5.189447462719453,0.0007404647423060163,0.06753193367095929,-0.06605100418634725,inf,1.6466272296065603,0.00384260287819317,2.0457300518662653,-2.0008685798680417,0.02243073599911196,0.9770937331646662,inf,-inf,0.996211781920191,0.996211781920191
156,5.221500279110359,0.0006955254989770999,0.06677128289904323,-0.06538023190108903,inf,1.6527847703915217,0.0036316865870372984,1.940177358007668,-1.8997575018526598,0.020209928077504272,0.9783356742912231,inf,-inf,0.996236057353907,0.996236057353907
157,5.253553095501263,0.0006527839873094708,0.06601570543037553,-0.06471013745575659,inf,1.6589046277866386,0.0034294353372233276,1.8434986398656674,-1.8070404551083965,0.018229092378635375,0.9795575618250045,inf,-inf,0.9962594887186017,0.9962594887186017
158,5.285605911892167,0.0006121615710689677,0.06526574902746447,-0.06404142588532653,inf,1.6649872602231828,0.003235644819075333,1.7556962837398977,-1.7227610976311198,0.016467593054388916,0.9807595483296597,inf,-inf,0.9962821373965602,0.9962821373965602
159,5.317658728283073,0.0005735823399778198,0.06452193875239401,-0.06337477407243838,inf,1.6710331178175184,0.003050115136572082,1.676487334150947,-1.646680308923274,0.014903512613836295,0.9819417973244153,inf,-inf,0.996304062306316,0.996304062306316
160,5.349711544673977,0.0005369729678773734,0.06378477704134364,-0.0627108311055889,inf,1.677042642570979,0.0028726504854314334,1.6053341458710881,-1.5783050934630332,0.013514526204027441,0.9831044831740925,inf,-inf,0.9963253199840456,0.9963253199840456
161,5.3817643610648815,0.0005022625804204802,0.06305474410838388,-0.06205021894754292,inf,1.683016268563775,0.002703058855203424,1.5416268078938382,-1.5170671504239033,0.012279828734967373,0.9842477909774698,inf,-inf,0.9963459646613524,0.9963459646613524
162,5.413817177455787,0.00046938263166029586,0.0623322986270804,-0.06139353336375981,inf,1.6889544221431434,0.002541151754081912,1.4847121332440956,-1.4623513955941185,0.011180368824988535,0.9853719164546899,inf,-inf,0.996366048339712,0.996366048339712
163,5.445869993846691,0.00043826678903920494,0.061617878636271724,-0.06074134505819332,inf,1.694857522105942,0.002386743955728144,1.4340341511405306,-1.4136345672307087,0.010199791954910926,0.9864770658339788,inf,-inf,0.9963856208618704,0.9963856208618704
164,5.4779228102375965,0.0004088508262123287,0.060911902621192955,-0.060094200968768295,inf,1.7007259798758911,0.002239653266893003,1.3888560708126003,-1.3702116047031416,0.009322233054729347,0.9875634557385966,inf,-inf,0.9964047299804314,0.9964047299804314
165,5.509975626628501,0.00038107252325565505,0.060214770719928264,-0.05945262567341695,inf,1.7065601996756385,0.002099700315116482,1.348443992093256,-1.3313765865915077,0.00853370275087411,0.9886313130743251,inf,-inf,0.996423421423879,0.996423421423879
166,5.542028443019405,0.0003548715737598392,0.05952686600939436,-0.05881712286187468,inf,1.7123605786938392,0.0019667083553960877,1.3121529324669663,-1.2965080377370926,0.007822447364936926,0.9896808749183165,inf,-inf,0.9964417389602361,0.9964417389602361
167,5.57408125941031,0.0003301894984159329,0.05884855582443622,-0.05818817682760435,inf,1.718127507247414,0.0018405030951743418,1.279369123996642,-1.2650124675443906,0.007178328226125671,0.9907123884098075,inf,-inf,0.9964597244585891,0.9964597244585891
168,5.606134075801214,0.0003069695646526517,0.058180193068144925,-0.05756625393883963,inf,1.7238613689391589,0.0017209125366330947,1.2495636534648205,-1.2363777910438898,0.006592931210465358,0.9917261106433888,inf,-inf,0.9964774179486384,0.9964774179486384
169,5.638186892192119,0.00028515671193369576,0.05752211747281049,-0.0569518040489431,inf,1.729562540810859,0.0016077668354451675,1.2221360824033634,-1.210018993460718,0.006058544471322707,0.992722308565673,inf,-inf,0.996494857678468,0.996494857678468
170,5.670239708583024,0.00026469748238302484,0.056874656772483094,-0.05634526180771705,inf,1.7352313934920645,0.0015008981753701829,1.1965552832798139,-1.1854176276352872,0.005568827822263197,0.9937012588756955,inf,-inf,0.996512080170684,0.996512080170684
171,5.702292524973928,0.0002455399563407874,0.05623812775318607,-0.05574704784050449,inf,1.740868291344672,0.0014001406576244968,1.1723876775144573,-1.1621502094246676,0.0051187340448948055,0.9946632479303309,inf,-inf,0.9965291202770751,0.9965291202770751
172,5.7343453413648335,0.00022763369259866655,0.05561283714600728,-0.05515756976080995,inf,1.746473592603456,0.0013053302046908382,1.14926375197024,-1.1398554511153876,0.00470415042742638,0.9956085716546976,inf,-inf,0.9965460112319499,0.9965460112319499
173,5.766398157755738,0.00021092967288940403,0.05499908233732488,-0.054577222991546076,inf,1.7520476495126796,0.0012163044771654797,1.1268757519530115,-1.1182322792387354,0.004321736357138119,0.9965375354593398,inf,-inf,0.996562784704226,0.996562784704226
174,5.798450974146642,0.00019538025048690302,0.05439715186508064,-0.05400639136410683,inf,1.7575908084589231,0.0011329028037647979,1.1049891066964608,-1.097051446688557,0.003968830003951783,0.9974504541638322,inf,-inf,0.996579470848464,0.996579470848464
175,5.830503790537548,0.00018093910252057024,0.053807325682361434,-0.05344544747732029,inf,1.7631034101002496,0.0010549661231026466,1.0834776332932357,-1.0761907641510493,0.0036434345710932544,0.9983476519285205,inf,-inf,0.9965960983548843,0.9965960983548843
176,5.862556606928452,0.0001675611857878829,0.05322987516754287,-0.05289475279596711,inf,1.7685857894918284,0.0009823369368055187,1.062295092299098,-1.0556071402886142,0.003343976005241906,0.9992294621949191,inf,-inf,0.9966126944984999,0.9966126944984999
177,5.894609423319357,0.00015520269585627327,0.05266506286443176,-0.05235465747271921,inf,1.774038276208137,0.0009148592735189566,1.0414706205544102,-1.0353322419339863,0.0030691893102118744,1.0000962276353997,inf,-inf,0.996629285187456,0.996629285187456
178,5.926662239710262,0.00014382102917002754,0.05211314194258155,-0.05182549988424149,inf,1.779461194461846,0.0008523786628582703,1.0210979711215993,-1.0154619508926928,0.002818010114453304,1.0009483001134156,inf,-inf,0.9966458950106452,0.9966458950106452
179,5.958715056101166,0.00013337474798564143,0.05157435536901534,-0.05130760587304405,inf,1.7848548632195005,0.0007947421189257402,1.00135909873789,-0.9961799349274383,0.0025895819052259533,1.0017860406549126,inf,-inf,0.9966625472846878,0.9966625472846878
180,5.990767872492071,0.0001238235479052944,0.05104893478896502,-0.05080128769315444,inf,1.7902195963140972,0.0007417981326490206,0.9824745432678809,-0.9777083915674791,0.0023830758502008916,1.0026098194320383,inf,-inf,0.9966792641003298,0.9966792641003298
181,6.022820688882976,0.0001151282278575061,0.05053709911527815,-0.050306842659563145,inf,1.7955557025546576,0.0006933966726146211,0.9646874152153256,-0.9602921193042231,0.0021976479555511842,1.003420015759905,inf,-inf,0.9966960663683481,0.9966960663683481
182,6.05487350527388,0.00010725066230285536,0.050039052833535845,-0.049824551508930136,inf,1.8008634858328945,0.0006493891936006351,0.9482600480749357,-0.9441951622534673,0.002032442910734206,1.0042170181075922,inf,-inf,0.9967129738649891,0.9967129738649891
183,6.0869263216647855,0.00010015377554250763,0.04955498403116745,-0.049354676480082425,inf,1.8061432452270614,0.0006096286525637965,0.9335153334812436,-0.92974194571802,0.0018866938816117101,1.0050012241241968,inf,-inf,0.9967300052770292,0.9967300052770292
184,6.11897913805569,9.380151795189304e-05,0.049085062165872925,-0.04889745912996914,inf,1.8113952751030749,0.0005739695314655898,0.9207631350260472,-0.9172439796688544,0.0017595776785964085,1.0057730406810932,inf,-inf,0.9967471782464745,0.9967471782464745
185,6.151031954446595,8.815884401074502e-05,0.04862943559143441,-0.04845311790341291,inf,1.8166198652129966,0.0005422678665771654,0.9102488884155242,-0.9069485626441547,0.001650162885684671,1.0065328839314456,inf,-inf,0.996764509414978,0.996764509414978
186,6.1830847708375,8.319169198055894e-05,0.04818822886492538,-0.04802184548096426,inf,1.8218173007909535,0.0005143812837451981,0.9022477189253115,-0.8991324554640461,0.00155763173063266,1.007281179388059,inf,-inf,0.9967820144679808,0.9967820144679808
187,6.215137587228404,7.886696513928978e-05,0.047761539861130714,-0.04760380593085213,inf,1.8269878626465808,0.0004901690394278321,0.8970364654572959,-0.8940739753928804,0.0014812450322077497,1.0080183620205916,inf,-inf,0.9967997081786508,0.9967997081786508
188,6.247190403619309,7.515251444576993e-05,0.04734943672591282,-0.04719913169702127,inf,1.8321318272560612,0.00046949206705347547,0.8950010942984518,-0.8921600221624686,0.0014205360679915798,1.0087448763734923,inf,-inf,0.9968176044516476,0.9968176044516476
189,6.279243220010214,7.201712253262411e-05,0.046951954703100894,-0.04680792045803565,inf,1.8372494668508312,0.00045221302838762475,0.8964660128527311,-0.8937159291511176,0.0013750418508067838,1.0094611767054813,inf,-inf,0.9968357163667317,0.9968357163667317
190,6.311296036401118,6.943048895677946e-05,0.04656909287126989,-0.04643023189335633,inf,1.842341049504035,0.00043819636975831383,0.9016606441509335,-0.8989720481085094,0.0013442980212119587,1.0101677271524103,inf,-inf,0.9968540562222978,0.9968540562222978
191,6.343348852792023,6.736321660646058e-05,0.046200810831410206,-0.04606608439819728,76879362353450.8,1.8474068392147838,0.0004273083827809723,0.9109383853019348,-0.9082819929720185,0.0013281961649581,1.0108650019138736,5.272742389487634e+16,-5.257366517016942e+16,0.996872635578805,0.996872635578805
192,6.375401669182927,6.578679922549305e-05,0.04584702538507078,-0.04571545178661979,7383505466206.406,1.8524470959902917,0.00041941726959241046,0.9247030920812594,-0.9220493427419727,0.0013268746696432703,1.0115534854658474,5145587967879083.0,-5130820956946669.0,0.9968914653022183,0.9968914653022183
193,6.407454485573832,6.467360996043346e-05,0.04550760724704921,-0.04537826002712835,inf,1.8574620759259572,0.0004143932122392319,0.9435505412646494,-0.9408686679087321,0.0013409366779586645,1.012233672799794,inf,-inf,0.9969105556074184,0.9969105556074184
194,6.439507301964737,6.399689093184482e-05,0.04518237783238705,-0.04505438405052336,9188768051708.75,1.8624520312834394,0.0004121084464586556,0.9680504082528784,-0.9653080905898588,0.0013711588315097377,1.0129060696901173,6487352492929984.0,-6468974956826566.0,0.996929916101691,0.996929916101691
195,6.471560118355642,6.373074372530689e-05,0.04487110616152612,-0.0447436446740755,inf,1.8674172105668014,0.0004124373394058401,0.9987199634253775,-0.9958829856244165,0.001418488900480581,1.0135711929913522,inf,-inf,0.9969495558282747,0.9969495558282747
196,6.503612934746546,6.385012083804124e-05,0.044573505920344945,-0.04444580567866887,inf,1.8723578585967702,0.000415256471767415,1.0363402482574182,-1.0333711997738273,0.0014845242417953763,1.0142295709662283,inf,-inf,0.9969694833100444,0.9969694833100444
197,6.535665751137451,6.433081803899069e-05,0.044289232711944855,-0.04416057107586687,inf,1.8772742165831717,0.00042044472420008674,1.0818565978114414,-1.078713769829266,0.0015714139910877041,1.0148817436462534,inf,-inf,0.9969897065933917,0.9969897065933917
198,6.567718567528356,6.514946760330284e-05,0.04401788153405567,-0.04388758259884906,inf,1.8821665221955943,0.00042788336804279914,1.1365218253593365,-1.13315756568753,0.0016821298359033622,1.0155282632266571,inf,-inf,0.9970102332923024,0.9970102332923024
199,6.59977138391926,6.628353248081475e-05,0.04375898450731372,-0.043626417442352086,inf,1.8870350096323307,0.000437456160891964,1.2017109579020762,-1.1980703959371455,0.001820280982465218,1.0161696944966137,inf,-inf,0.9970310706327286,0.9970310706327286
